>ENSBTAT00000021752
0 232 1614 1846
232 297 2232 2297
297 360 2757 2820
360 372 3928 3940
372 480 4169 4277
480 539 4376 4435
539 604 6844 6909
604 753 7954 8103
753 927 10628 10802
927 1089 11852 12014
1089 1242 12698 12851
1242 1356 13362 13476

>ENSBTAT00000025965
0 31 718 749
31 283 8076 8328
283 348 10171 10236
348 411 15192 15255
411 423 16331 16343
423 561 16898 17036
561 611 17143 17193
611 673 17780 17842
673 807 18798 18932
807 981 19105 19279
981 1122 19456 19597
1122 1275 19701 19854
1275 1389 20083 20197

>ENSBTAT00000036296
0 10 17914 17924
10 265 29870 30125
265 330 45542 45607
330 393 45996 46059
393 437 51840 51884
437 493 52280 52336
493 633 54530 54670
633 807 55920 56094
807 948 59938 60079
948 1101 60872 61025
1101 1215 61788 61902

>ENSBTAT00000038885
0 157 87961 88118
157 222 194876 194941
222 357 211149 211284
357 404 212259 212306
404 466 213196 213258
466 591 214249 214374
591 765 232435 232609
765 906 252540 252681
906 1059 260399 260552
1059 1173 266388 266502

>ENSBTAT00000067627
0 15 71280 71295
15 271 87862 88118
271 336 194876 194941
336 399 197303 197366
399 462 197455 197518
462 474 210361 210373
474 609 211149 211284
609 656 212259 212306
656 718 213196 213258
718 843 214249 214374
843 1017 232435 232609
1017 1158 252540 252681
1158 1311 260399 260552
1311 1425 266388 266502

>ENSBTAT00000074335
0 251 244 495
251 349 948 1046
349 604 29870 30125
604 669 45542 45607
669 732 45996 46059
732 776 51840 51884
776 832 52280 52336
832 972 54530 54670
972 1146 55920 56094
1146 1287 59938 60079
1287 1440 60872 61025
1440 1554 61788 61902

>ENSBTAT00000077322
0 157 87961 88118
157 222 194876 194941
222 285 197303 197366
285 297 210361 210373
297 432 211149 211284
432 479 212259 212306
479 541 213196 213258
541 666 214249 214374
666 840 232435 232609
840 981 252540 252681
981 1134 260399 260552
1134 1248 266388 266502

>ENSBTAT00000079873
0 157 87961 88118
157 222 194876 194941
222 285 197303 197366
285 348 197455 197518
348 360 210361 210373
360 495 211149 211284
495 542 212259 212306
542 604 213196 213258
604 729 214249 214374
729 903 232435 232609
903 1044 252540 252681
1044 1197 260399 260552
1197 1311 266388 266502

>ENSBTAT00000080640
0 157 87961 88118
157 222 194876 194941
222 285 197303 197366
285 348 197455 197518
348 360 210361 210373
360 495 211149 211284
495 542 212259 212306
542 604 213196 213258
604 729 214249 214374
729 903 232435 232609
903 1044 252540 252681
1044 1197 260399 260552
1197 1311 266388 266502

>ENSBTAT00000081917
0 271 224 495
271 526 29870 30125
526 591 45542 45607
591 654 45996 46059
654 698 51840 51884
698 754 52280 52336
754 894 54530 54670
894 1068 55920 56094
1068 1209 59938 60079
1209 1362 60872 61025
1362 1476 61788 61902

>ENSBTAT00000083312
0 232 1614 1846
232 297 2232 2297
297 366 2757 2826
366 474 4169 4277
474 533 4376 4435
533 598 6844 6909
598 747 7954 8103
747 921 10628 10802
921 1083 11852 12014
1083 1236 12698 12851
1236 1350 13362 13476

>ENSBTAT00000084467
0 157 87961 88118
157 222 194876 194941
222 285 197303 197366
285 420 211149 211284
420 467 212259 212306
467 529 213196 213258
529 654 214249 214374
654 828 232435 232609
828 969 252540 252681
969 1242 260399 260672

>ENSBTAT00000084480
0 157 87961 88118
157 222 194876 194941
222 285 197455 197518
285 420 211149 211284
420 467 212259 212306
467 529 213196 213258
529 654 214249 214374
654 828 232435 232609
828 969 252540 252681
969 1242 260399 260672

>ENSBTAT00000085356
0 232 1614 1846
232 297 2232 2297
297 360 2757 2820
360 372 3928 3940
372 480 4169 4277
480 539 4376 4435
539 604 6844 6909
604 753 7954 8103
753 927 10628 10802
927 1089 11852 12014
1089 1242 12698 12851
1242 1309 13362 13429
1309 1320 25654 25665

>ENSBTAT00000086634
0 9 16334 16343
9 147 16898 17036
147 197 17143 17193
197 259 17780 17842
259 393 18798 18932
393 518 19105 19230
518 534 19284 19300
534 675 19456 19597
675 828 19701 19854
828 942 20083 20197

>ENSCAFT00000002060
0 7 671 678
7 72 2381 2446
72 135 6771 6834
135 147 7868 7880
147 285 8475 8613
285 335 8723 8773
335 397 9342 9404
397 531 9992 10126
531 705 10278 10452
705 846 10573 10714
846 999 10792 10945
999 1113 11075 11189

>ENSCAFT00000002062
0 247 431 678
247 312 2381 2446
312 375 6771 6834
375 438 7019 7082
438 450 7868 7880
450 588 8475 8613
588 638 8723 8773
638 700 9342 9404
700 834 9992 10126
834 1008 10278 10452
1008 1149 10573 10714
1149 1302 10792 10945
1302 1416 11188 11189

>ENSCAFT00000005954
0 232 6 238
232 297 544 609
297 360 1070 1133
360 468 2612 2720
468 536 2807 2875
536 598 6025 6087
598 747 7042 7191
747 921 10024 10198
921 1083 11441 11603
1083 1236 12245 12398
1236 1350 13107 13221

>ENSCAFT00000012842
0 157 86645 86802
157 222 191557 191622
222 285 194012 194075
285 348 194166 194229
348 360 207992 208004
360 495 208822 208957
495 542 210209 210256
542 604 210994 211056
604 729 212334 212459
729 903 228349 228523
903 1044 250137 250278
1044 1197 254377 254530
1197 1311 260533 260647

>ENSCAFT00000012846
0 202 86600 86802
202 267 191557 191622
267 330 194166 194229
330 465 208822 208957
465 512 210209 210256
512 574 210994 211056
574 699 212334 212459
699 873 228349 228523
873 1014 250137 250278
1014 1167 254377 254530
1167 1278 260533 260644

>ENSCAFT00000024659
0 7 252 259
7 72 13110 13175
72 135 13637 13700
135 264 18062 18191
264 308 19185 19229
308 364 19758 19814
364 504 22228 22368
504 678 23464 23638
678 819 32295 32436
819 972 33389 33542
972 1086 33665 33779

>ENSCAFT00000045555
0 232 6 238
232 297 544 609
297 360 1070 1133
360 372 2371 2383
372 480 2612 2720
480 539 2816 2875
539 601 6025 6087
601 750 7042 7191
750 924 10024 10198
924 1086 11441 11603
1086 1239 12245 12398
1239 1353 13107 13221

>ENSCAFT00020010092
0 321 0 321
321 371 431 481
371 433 1050 1112
433 537 1730 1834
537 711 1986 2160
711 852 2281 2422
852 1005 2500 2653
1005 1119 2783 2897

>ENSCAFT00020021553
0 364 0 364
364 429 13195 13260
429 492 13722 13785
492 621 18147 18276
621 665 19270 19314
665 721 19843 19899
721 861 22313 22453
861 1035 23549 23723
1035 1176 32379 32520
1176 1329 33473 33626
1329 1443 33749 33863

>ENSCAFT00020021555
0 364 0 364
364 429 13195 13260
429 492 13722 13785
492 656 18147 18311
656 712 19843 19899
712 852 22313 22453
852 1026 23549 23723
1026 1167 32379 32520
1167 1320 33473 33626
1320 1434 33749 33863

>ENSCAFT00020021556
0 364 0 364
364 429 13195 13260
429 492 13722 13785
492 536 19270 19314
536 592 19843 19899
592 732 22313 22453
732 906 23549 23723
906 1047 32379 32520
1047 1200 33473 33626
1200 1314 33749 33863

>ENSCAFT00020021558
0 364 0 364
364 429 13195 13260
429 505 13722 13798
505 592 19812 19899
592 732 22313 22453
732 906 23549 23723
906 1047 32379 32520
1047 1200 33473 33626
1200 1314 33749 33863

>ENSCAFT00020021561
0 16 12950 12966
16 81 13195 13260
81 144 13722 13785
144 299 18147 18302
299 355 19843 19899
355 495 22313 22453
495 669 23549 23723
669 810 32379 32520
810 963 33473 33626
963 1077 33749 33863

>ENSCAFT00020024017
0 157 76 233
157 222 105002 105067
222 285 107457 107520
285 297 121435 121447
297 432 122262 122397
432 479 123653 123700
479 541 124438 124500
541 666 125781 125906
666 840 141807 141981
840 981 163597 163738
981 1134 167837 167990
1134 1248 174004 174118

>ENSCAFT00020024021
0 157 76 233
157 222 105002 105067
222 285 107457 107520
285 297 121435 121447
297 432 122262 122397
432 479 123653 123700
479 541 124438 124500
541 666 125781 125906
666 840 141807 141981
840 981 163597 163738
981 1134 167837 167990
1134 1182 169481 169529

>ENSCAFT00020037331
0 232 0 232
232 297 538 603
297 360 1064 1127
360 468 2606 2714
468 527 2810 2869
527 589 6019 6081
589 738 7036 7185
738 912 10019 10193
912 1074 11434 11596
1074 1227 12234 12387
1227 1341 13096 13210

>ENSGALT00000008698
0 148 106 254
148 213 49506 49571
213 276 52506 52569
276 288 59581 59593
288 423 60735 60870
423 470 61055 61102
470 532 61685 61747
532 657 63610 63735
657 831 71929 72103
831 972 83106 83247
972 1125 85038 85191
1125 1239 86180 86294

>ENSGALT00000023169
0 223 20535 20758
223 288 42398 42463
288 351 43331 43394
351 390 45636 45675
390 525 47034 47169
525 569 47929 47973
569 625 49877 49933
625 756 50746 50877
756 930 52094 52268
930 1071 64215 64356
1071 1224 65744 65897
1224 1338 66829 66943

>ENSGALT00000023170
0 223 20535 20758
223 288 42398 42463
288 351 43331 43394
351 395 47929 47973
395 451 49877 49933
451 582 50746 50877
582 756 52094 52268
756 897 64215 64356
897 1050 65744 65897
1050 1164 66829 66943

>ENSGALT00000048672
0 136 8883 9019
136 201 12022 12087
201 246 13425 13470
246 262 13472 13488
262 411 15798 15947
411 455 16122 16166
455 517 16247 16309
517 651 16707 16841
651 825 16948 17122
825 966 17559 17700
966 1119 17902 18055
1119 1233 18459 18573

>ENSGALT00000054088
0 223 20535 20758
223 288 42398 42463
288 351 43331 43394
351 486 47034 47169
486 530 47929 47973
530 586 49877 49933
586 717 50746 50877
717 891 52094 52268
891 1032 64215 64356
1032 1185 65744 65897
1185 1299 66829 66943

>ENSGALT00000057591
0 148 106 254
148 213 49506 49571
213 276 52355 52418
276 288 59581 59593
288 423 60735 60870
423 470 61055 61102
470 532 61685 61747
532 657 63610 63735
657 831 71929 72103
831 972 83106 83247
972 1125 85038 85191
1125 1239 86180 86294

>ENSGALT00000067789
0 223 20535 20758
223 288 42398 42463
288 351 43331 43394
351 486 47034 47169
486 530 47929 47973
530 586 49877 49933
586 717 50746 50877
717 858 64215 64356
858 1011 65744 65897
1011 1125 66829 66943

>ENSGALT00000072611
0 202 8817 9019
202 267 12022 12087
267 330 13613 13676
330 342 15456 15468
342 480 15809 15947
480 524 16122 16166
524 586 16247 16309
586 720 16707 16841
720 894 16948 17122
894 1035 17559 17700
1035 1188 17902 18055
1188 1302 18572 18573

>ENSGALT00000077008
0 148 106 254
148 213 49506 49571
213 276 52355 52418
276 339 52506 52569
339 351 59581 59593
351 486 60735 60870
486 533 61055 61102
533 595 61685 61747
595 720 63610 63735
720 894 71929 72103
894 1035 83106 83247
1035 1188 85038 85191
1188 1302 86180 86294

>ENSGALT00000087584
0 111 47058 47169
111 155 47929 47973
155 211 49877 49933
211 342 50746 50877
342 516 52094 52268
516 657 64215 64356
657 810 65744 65897
810 924 66829 66943

>ENSMUST00000006311
0 519 10 529
519 774 29701 29956
774 839 48837 48902
839 902 49221 49284
902 1031 52735 52864
1031 1075 53962 54006
1075 1131 54447 54503
1131 1271 57314 57454
1271 1445 58249 58423
1445 1586 70091 70232
1586 1739 72103 72256
1739 1853 72457 73681

>ENSMUST00000033060
0 232 1466 1698
232 297 2328 2393
297 360 3391 3454
360 468 4685 4793
468 527 4890 4949
527 592 7928 7993
592 735 9900 10043
735 909 12886 13060
909 1071 15556 15718
1071 1224 16430 16583
1224 1338 17062 17176

>ENSMUST00000059768
0 157 80165 80322
157 222 160098 160163
222 285 162570 162633
285 348 162722 162785
348 360 176735 176747
360 495 177480 177615
495 542 178836 178883
542 604 179751 179813
604 729 182114 182239
729 903 196757 196931
903 1044 212401 212542
1044 1197 214994 215147
1197 1311 219229 219343

>ENSMUST00000069256
0 157 80165 80322
157 222 160098 160163
222 285 162722 162785
285 420 177480 177615
420 467 178836 178883
467 529 179751 179813
529 654 182114 182239
654 828 196757 196931
828 969 212401 212542
969 1122 214994 215147
1122 1236 219229 219343

>ENSMUST00000084705
0 157 80165 80322
157 222 160098 160163
222 285 162722 162785
285 420 177480 177615
420 467 178836 178883
467 529 179751 179813
529 654 182114 182239
654 828 196757 196931
828 969 212401 212542
969 1122 214994 215147
1122 1236 219229 219343

>ENSMUST00000097216
0 127 1466 1593
127 192 2328 2393
192 255 3391 3454
255 363 4685 4793
363 422 4890 4949
422 487 7928 7993
487 630 9900 10043
630 804 12886 13060
804 966 15556 15718
966 1119 16430 16583
1119 1233 17062 17176

>ENSMUST00000106638
0 157 80165 80322
157 222 160098 160163
222 285 162722 162785
285 297 176735 176747
297 432 177480 177615
432 479 178836 178883
479 541 179751 179813
541 666 182114 182239
666 840 196757 196931
840 981 212401 212542
981 1134 214994 215147
1134 1248 219229 219343

>ENSMUST00000107801
0 232 1466 1698
232 297 2328 2393
297 360 3391 3454
360 468 4685 4793
468 527 4890 4949
527 592 7928 7993
592 735 9900 10043
735 909 12886 13060
909 1071 15556 15718
1071 1224 16430 16583
1224 1338 17062 17176

>ENSMUST00000112157
0 519 10 529
519 774 29701 29956
774 839 48837 48902
839 902 49221 49284
902 946 53962 54006
946 1002 54447 54503
1002 1142 57314 57454
1142 1316 58249 58423
1316 1457 70091 70232
1457 1610 72103 72256
1610 1724 72457 72643

>ENSMUST00000114799
0 28 222 250
28 280 9217 9469
280 345 10599 10664
345 408 14244 14307
408 420 15321 15333
420 558 15781 15919
558 608 16064 16114
608 670 16372 16434
670 816 16881 17027
816 990 17138 17312
990 1131 17485 17626
1131 1284 17714 17867
1284 1398 17984 18098

>ENSMUST00000130454
0 126 25246 25372
126 381 29701 29956
381 446 48837 48902
446 509 49221 49284
509 553 53962 54006
553 609 54447 54503
609 749 57314 57454
749 923 58249 58423
923 1064 70091 70232
1064 1217 72103 72256
1217 1331 72457 72459

>ENSMUST00000133118
0 125 0 125
125 306 348 529
306 520 29701 29915

>ENSMUST00000143004
0 204 85 289
204 368 29701 29865

>ENSMUST00000154873
0 356 471 827
356 608 9217 9469
608 673 10599 10664
673 736 14244 14307
736 748 15321 15333
748 886 15781 15919
886 936 16064 16114
936 998 16372 16434
998 1144 16881 17027
1144 1318 17138 17312
1318 1459 17485 17626
1459 1612 17714 17867
1612 1726 18097 19147

>ENSMUST00000156862
0 209 0 209
209 461 9217 9469
461 526 10599 10664
526 589 14244 14307
589 601 15321 15333
601 739 15781 15919
739 789 16064 16114
789 851 16372 16434
851 997 16881 17027
997 1171 17138 17312
1171 1312 17485 17626
1312 1465 17714 17867
1465 1579 18097 19104

>ENSMUST00000164363
0 157 80165 80322
157 222 160098 160163
222 285 162570 162633
285 348 162722 162785
348 360 176735 176747
360 495 177480 177615
495 542 178836 178883
542 604 179751 179813
604 729 182114 182239
729 903 196757 196931
903 1044 212401 212542
1044 1197 214994 215147
1197 1311 219229 219343

>ENSMUST00000165036
0 157 80165 80322
157 222 160098 160163
222 285 162570 162633
285 297 176735 176747
297 432 177480 177615
432 479 178836 178883
479 541 179751 179813
541 666 182114 182239
666 840 196757 196931
840 981 212401 212542
981 1134 214994 215147
1134 1248 219229 219343

>ENSMUST00000167060
0 104 80218 80322
104 169 160098 160163
169 232 162570 162633
232 295 162722 162785
295 430 177480 177615
430 477 178836 178883
477 539 179751 179813
539 556 182114 182131

>ENSMUST00000168981
0 157 80165 80322
157 222 160098 160163
222 234 176735 176747
234 369 177480 177615
369 416 178836 178883
416 478 179751 179813
478 603 182114 182239
603 777 196757 196931
777 918 212401 212542
918 1071 214994 215147
1071 1185 219229 219343

>ENSMUST00000170352
0 157 80165 80322
157 222 160098 160163
222 357 177480 177615
357 404 178836 178883
404 466 179751 179813
466 591 182114 182239
591 765 196757 196931
765 906 212401 212542
906 1059 214994 215147
1059 1173 219229 219343

>ENSMUST00000171197
0 157 80165 80322
157 222 160098 160163
222 285 162722 162785
285 297 176735 176747
297 432 177480 177615
432 479 178836 178883
479 541 179751 179813
541 666 182114 182239
666 807 212401 212542
807 960 214994 215147
960 1074 219229 219343

>ENSMUST00000171373
0 47 80165 80212

>ENSMUST00000209343
0 232 1466 1698
232 297 2328 2393
297 360 3391 3454
360 468 4685 4793
468 491 4890 4913
491 554 16451 16514

>ENSMUST00000209437
0 232 1466 1698
232 297 2328 2393
297 323 3391 3417

>ENSMUST00000209478
0 123 15556 15679
123 276 16430 16583
276 390 17062 17176

>ENSMUST00000209678
0 28 1565 1593
28 93 2328 2393
93 156 3391 3454
156 264 4685 4793
264 323 4890 4949
323 388 7928 7993

>ENSMUST00000210447
0 232 1466 1698
232 297 2328 2393
297 360 3391 3454
360 468 4685 4793
468 527 4890 4949
527 592 7928 7993
592 735 9900 10043

>ENSMUST00000211744
0 232 1466 1698
232 297 2328 2393
297 360 3391 3454
360 468 4685 4793
468 527 4890 4949

>ENSMUST00000219703
0 103 106 209
103 355 9217 9469
355 420 10599 10664
420 483 14481 14544
483 495 15321 15333
495 633 15781 15919
633 683 16064 16114
683 745 16372 16434
745 891 16881 17027
891 1065 17138 17312
1065 1206 17485 17626
1206 1359 17714 17867
1359 1473 18097 18204

>ENST00000311227
0 232 2382 2614
232 297 2958 3023
297 360 5143 5206
360 468 7038 7146
468 527 7251 7310
527 592 11092 11157
592 735 13612 13755
735 909 15094 15268
909 1077 19059 19227
1077 1230 19867 20020
1230 1344 21020 21134

>ENST00000334310
0 157 89857 90014
157 222 187829 187894
222 285 190417 190480
285 297 204468 204480
297 432 205287 205422
432 479 206584 206631
479 541 207475 207537
541 666 208580 208705
666 807 250491 250632
807 960 255753 255906
960 1074 262688 262802

>ENST00000338863
0 182 0 182
182 433 10368 10619
433 498 12455 12520
498 561 16705 16768
561 573 17763 17775
573 711 18508 18646
711 761 18755 18805
761 823 19707 19769
823 957 20644 20778
957 1131 20987 21161
1131 1272 21373 21514
1272 1425 21591 21744
1425 1539 22035 23483

>ENST00000358409
0 226 35437 35663
226 291 51674 51739
291 354 52840 52903
354 398 59215 59259
398 454 59785 59841
454 594 61304 61444
594 768 62514 62688
768 909 78638 78779
909 1062 80777 80930
1062 1176 81035 81149

>ENST00000359864
0 226 35437 35663
226 291 51674 51739
291 354 52840 52903
354 483 58068 58197
483 527 59215 59259
527 583 59785 59841
583 723 61304 61444
723 897 62514 62688
897 1038 78638 78779
1038 1191 80777 80930
1191 1305 81035 81149

>ENST00000377214
0 232 2382 2614
232 297 2958 3023
297 360 5143 5206
360 477 7038 7155
477 536 7251 7310
536 601 11092 11157
601 744 13612 13755
744 918 15094 15268
918 1086 19059 19227
1086 1239 19867 20020
1239 1353 21020 21134

>ENST00000397122
0 96 58101 58197
96 140 59215 59259
140 196 59785 59841
196 336 61304 61444
336 510 62514 62688
510 651 78638 78779
651 804 80777 80930
804 918 81035 81149

>ENST00000402886
0 53 129 182
53 304 10368 10619
304 316 17763 17775
316 454 18508 18646
454 504 18755 18805
504 566 19707 19769
566 573 20650 20778

>ENST00000443986
0 226 35437 35663
226 289 52840 52903
289 333 59215 59259

>ENST00000526600
0 177 205245 205422
177 224 206584 206631
224 286 207475 207537
286 411 208580 208705
411 585 227519 227693
585 726 250491 250632
726 879 255753 255906
879 993 262688 262802

>ENST00000527376
0 218 196 414
218 477 89758 90017

>ENST00000527575
0 59 1082 1141
59 315 89758 90014
315 380 187829 187894
380 443 190417 190480
443 578 205287 205422
578 625 206584 206631
625 687 207475 207537
687 812 208580 208705
812 953 250491 250632
953 1106 255753 255906
1106 1220 262688 262802

>ENST00000527636
0 414 0 414
414 567 988 1141
567 823 89758 90014
823 888 187829 187894
888 951 190417 190480
951 1086 205287 205422
1086 1133 206584 206631
1133 1195 207475 207537
1195 1320 208580 208705
1320 1494 227519 227693
1494 1635 250491 250632
1635 1788 255753 255906
1788 1902 262688 262802

>ENST00000536826
0 217 35437 35654

>ENST00000539846
0 84 7071 7155
84 143 7251 7310
143 208 11092 11157
208 351 13612 13755
351 525 15094 15268
525 693 19059 19227
693 846 19867 20020
846 960 21020 21134

>ENST00000540314
0 67 35437 35504

>ENST00000543035
0 226 35437 35663
226 291 51674 51739
291 354 52840 52903
354 483 58068 58197
483 527 59215 59259

>ENST00000544666
0 25 51714 51739
25 88 52840 52903
88 121 57733 57766
121 250 58068 58197
250 294 59215 59259
294 350 59785 59841
350 490 61304 61444
490 567 62514 62591

>ENST00000593945
0 232 2382 2614
232 297 2958 3023
297 360 5143 5206
360 372 6487 6499
372 480 7038 7146
480 539 7251 7310
539 604 11092 11157
604 747 13612 13755
747 921 15094 15268
921 1089 19059 19227
1089 1242 19867 20020
1242 1356 21020 21134

>ENST00000596757
0 75 7071 7146
75 134 7251 7310
134 199 11092 11157
199 342 13612 13755
342 349 15094 15101

>ENST00000598810
0 232 2382 2614
232 297 2958 3023
297 360 5143 5206
360 372 6487 6499
372 480 7038 7146
480 539 7251 7310
539 604 11092 11157
604 747 13612 13755
747 921 15094 15268
921 1089 19059 19227
1089 1242 19867 20020
1242 1356 21020 21134

>ENST00000598823
0 4 5202 5206
4 121 7038 7155
121 180 7251 7310
180 223 13440 13501

>ENST00000601519
0 232 2382 2614
232 297 2958 3023
297 360 5143 5206
360 477 7038 7155
477 536 7251 7310
536 601 11092 11157
601 744 13612 13755
744 918 15094 15268
918 1086 19059 19227
1086 1239 19867 20020
1239 1353 21020 21134

>ENST00000638666
0 202 89812 90014
202 267 187829 187894
267 330 190417 190480
330 465 205287 205422
465 512 206584 206631
512 574 207475 207537
574 699 208580 208705
699 873 227519 227693
873 1014 250491 250632
1014 1167 255753 255906
1167 1281 262688 262802

>ENST00000639578
0 167 15 182
167 418 10368 10619
418 483 12455 12520
483 546 16957 17020
546 558 17763 17775
558 696 18508 18646
696 746 18755 18805
746 808 19707 19769
808 942 20644 20778
942 1116 20987 21161
1116 1257 21373 21514
1257 1410 21591 21744
1410 1524 22035 22188

