>ENSBTAT00000000447
0 148 337 485
148 240 1062 1154
240 377 1329 1466
377 541 1550 1714
541 654 1844 1957
654 718 2118 2182
718 816 2744 2842
816 918 3071 3173
918 1044 3377 3503
1044 1166 3709 3831
1166 1271 4047 4152
1271 1397 4265 4391
1397 1539 4688 4830
1539 1653 4919 5033
1653 1722 5219 5288
1722 1827 5803 5908
1827 1974 6428 6575
1974 2100 7010 7136
2100 2256 7483 7639

>ENSBTAT00000002658
0 76 183 259
76 168 8725 8817
168 299 8977 9108
299 463 10121 10285
463 576 11412 11525
576 640 13269 13333
640 738 14283 14381
738 840 15683 15785
840 972 16339 16471
972 1094 18363 18485
1094 1199 20376 20481
1199 1325 21240 21366
1325 1467 21668 21810
1467 1581 22729 22843
1581 1647 23810 23876
1647 1752 24510 24615
1752 1899 26065 26212
1899 2025 26977 27103
2025 2181 28709 28865

>ENSBTAT00000004595
0 197 12 209
197 308 2158 2269
308 426 2418 2536
426 561 3225 3360
561 766 3497 3702
766 886 6973 7093
886 963 7410 7487
963 1070 7575 7682
1070 1203 8754 8887
1203 1331 10174 10302
1331 1535 10485 10689
1535 1788 11068 11321

>ENSBTAT00000016841
0 263 0 263
263 374 1634 1745
374 492 2495 2613
492 627 8794 8929
627 832 10096 10301
832 952 12171 12291
952 1029 17296 17373
1029 1136 17446 17553
1136 1269 17810 17943
1269 1397 19521 19649
1397 1604 20417 20624
1604 1872 20804 21072

>ENSBTAT00000031949
0 121 351 472
121 213 53436 53528
213 350 56894 57031
350 514 70215 70379
514 627 74215 74328
627 691 77419 77483
691 789 78741 78839
789 891 95792 95894
891 1017 99125 99251
1017 1139 101345 101467
1139 1244 104670 104775
1244 1370 107681 107807
1370 1512 110999 111141
1512 1575 112269 112332
1575 1689 113321 113435
1689 1755 116850 116916
1755 1860 117933 118038
1860 2007 119198 119345
2007 2133 119454 119580
2133 2289 119755 119911

>ENSBTAT00000050322
0 263 0 263
263 374 73092 73203
374 492 76101 76219
492 627 78120 78255
627 832 83114 83319
832 952 89909 90029
952 1029 99555 99632
1029 1136 103070 103177
1136 1269 110629 110762
1269 1397 110967 111095
1397 1604 116222 116429
1604 1881 118338 118615

>ENSBTAT00000068244
0 393 2220 2613
393 528 8794 8929
528 733 10096 10301
733 853 12171 12291
853 930 17296 17373
930 1037 17446 17553
1037 1170 17810 17943
1170 1298 19521 19649
1298 1505 20417 20624
1505 1773 20804 21072

>ENSBTAT00000074750
0 31 4745 4776
31 123 8725 8817
123 254 8977 9108
254 418 10121 10285
418 531 11412 11525
531 595 13269 13333
595 693 14283 14381
693 795 15683 15785
795 927 16339 16471
927 1049 18363 18485
1049 1154 20376 20481
1154 1280 21240 21366
1280 1422 21668 21810
1422 1536 22729 22843
1536 1602 23810 23876
1602 1707 24510 24615
1707 1854 26065 26212
1854 1980 26977 27103
1980 2136 28864 28865

>ENSBTAT00000076905
0 148 337 485
148 240 1062 1154
240 377 1329 1466
377 541 1550 1714
541 654 1844 1957
654 718 2118 2182
718 816 2744 2842
816 918 3071 3173
918 1044 3377 3503
1044 1166 3709 3831
1166 1271 4047 4152
1271 1397 4265 4391
1397 1539 4688 4830
1539 1653 4919 5033
1653 1722 5219 5288
1722 1827 5803 5908
1827 1974 6428 6575
1974 2157 7010 7193

>ENSBTAT00000078721
0 121 351 472
121 213 53436 53528
213 350 56894 57031
350 514 70215 70379
514 627 74215 74328
627 691 77419 77483
691 789 78741 78839
789 891 95792 95894
891 1017 99125 99251
1017 1139 101345 101467
1139 1244 104670 104775
1244 1370 107681 107807
1370 1512 110999 111141
1512 1626 113321 113435
1626 1692 116850 116916
1692 1797 117933 118038
1797 1944 119198 119345
1944 2070 119454 119580
2070 2226 119755 119911

>ENSBTAT00000080064
0 121 351 472
121 213 53436 53528
213 350 56894 57031
350 514 70215 70379
514 627 74215 74328
627 729 95792 95894
729 855 99125 99251
855 977 101345 101467
977 1082 104670 104775
1082 1208 107681 107807
1208 1350 110999 111141
1350 1413 112269 112332
1413 1527 113321 113435
1527 1593 116850 116916
1593 1698 117933 118038
1698 1845 119198 119345
1845 1971 119454 119580
1971 2127 119755 119911

>ENSBTAT00000085535
0 263 0 263
263 374 73092 73203
374 492 76101 76219
492 697 83114 83319
697 817 89909 90029
817 894 99555 99632
894 1001 103070 103177
1001 1134 110629 110762
1134 1262 110967 111095
1262 1469 116222 116429
1469 1746 118338 118615

>ENSCAFT00000012961
0 133 364 497
133 225 42671 42763
225 362 47133 47270
362 526 56700 56864
526 639 59926 60039
639 703 62196 62260
703 801 63445 63543
801 903 69497 69599
903 1029 72787 72913
1029 1151 74538 74660
1151 1256 78269 78374
1256 1382 82185 82311
1382 1524 84594 84736
1524 1587 85872 85935
1587 1701 86920 87034
1701 1767 88953 89019
1767 1872 90070 90175
1872 2019 91328 91475
2019 2145 91585 91711
2145 2301 91878 92034

>ENSCAFT00000021335
0 11 252 263
11 122 58418 58529
122 240 61093 61211
240 375 63882 64017
375 580 67918 68123
580 700 74443 74563
700 777 85330 85407
777 884 89409 89516
884 960 92009 92085
960 982 92255 92277
982 1020 92669 92707
1020 1087 92742 92809
1087 1148 94030 94091
1148 1355 94772 94979
1355 1632 96731 97008

>ENSCAFT00000022041
0 115 0 115
115 207 485 577
207 344 708 845
344 508 957 1121
508 621 1279 1392
621 685 1533 1597
685 783 1909 2007
783 885 2222 2324
885 1011 2510 2636
1011 1133 2825 2947
1133 1238 3245 3350
1238 1364 3446 3572
1364 1506 3886 4028
1506 1620 4110 4224
1620 1689 4433 4502
1689 1794 5279 5384
1794 1941 5905 6052
1941 2067 6330 6456
2067 2223 6787 6943

>ENSCAFT00000024198
0 263 132 395
263 374 1715 1826
374 492 2984 3102
492 627 7606 7741
627 832 8902 9107
832 952 11248 11368
952 1029 16504 16581
1029 1136 16658 16765
1136 1269 16963 17096
1269 1397 18275 18403
1397 1604 19487 19694
1604 1872 20378 20646

>ENSCAFT00000026182
0 76 28 104
76 168 6962 7054
168 302 8055 8189
302 466 8518 8682
466 579 9610 9723
579 643 11081 11145
643 741 12495 12593
741 843 13436 13538
843 975 14062 14194
975 1097 15586 15708
1097 1202 16712 16817
1202 1328 17174 17300
1328 1470 17502 17644
1470 1584 18204 18318
1584 1650 18872 18938
1650 1755 19378 19483
1755 1902 20434 20581
1902 2028 21286 21412
2028 2184 22654 22810

>ENSCAFT00000031918
0 197 0 197
197 308 1586 1697
308 426 1849 1967
426 561 2522 2657
561 766 2760 2965
766 886 4807 4927
886 963 5237 5314
963 1070 5418 5525
1070 1203 6413 6546
1203 1331 8284 8412
1331 1535 8595 8799
1535 1788 9234 9487

>ENSCAFT00020013022
0 76 165 241
76 168 7043 7135
168 302 8133 8267
302 466 8596 8760
466 579 9686 9799
579 643 11158 11222
643 741 12585 12683
741 843 13528 13630
843 975 14154 14286
975 1097 15678 15800
1097 1202 16804 16909
1202 1328 17266 17392
1328 1470 17594 17736
1470 1584 18296 18410
1584 1650 18964 19030
1650 1755 19470 19575
1755 1902 20526 20673
1902 2028 21321 21447
2028 2184 22689 22845

>ENSCAFT00020016598
0 39 0 39
39 179 5092 5232
179 290 6552 6663
290 408 7824 7942
408 543 12447 12582
543 748 13743 13948
748 868 16093 16213
868 945 21364 21441
945 1052 21518 21625
1052 1185 21823 21956
1185 1313 23135 23263
1313 1520 24347 24554
1520 1788 24767 25035

>ENSCAFT00020016601
0 48 1473 1521
48 188 5092 5232
188 299 6552 6663
299 417 7824 7942
417 552 12447 12582
552 757 13743 13948
757 877 16093 16213
877 954 21364 21441
954 1061 21518 21625
1061 1194 21823 21956
1194 1322 23135 23263
1322 1529 24347 24554
1529 1797 24767 25035

>ENSCAFT00020016607
0 69 2502 2571
69 209 5092 5232
209 320 6552 6663
320 438 7824 7942
438 573 12447 12582
573 778 13743 13948
778 898 16093 16213
898 975 21364 21441
975 1082 21518 21625
1082 1215 21823 21956
1215 1343 23135 23263
1343 1550 24347 24554
1550 1818 24767 25035

>ENSCAFT00020016663
0 263 4969 5232
263 374 6552 6663
374 492 7824 7942
492 627 12447 12582
627 832 13743 13948
832 952 16093 16213
952 1029 21364 21441
1029 1136 21518 21625
1136 1269 21823 21956
1269 1397 23135 23263
1397 1604 24347 24554
1604 1742 24767 24905
1742 1863 27864 27985

>ENSCAFT00020016666
0 263 4969 5232
263 374 6552 6663
374 492 7824 7942
492 627 12447 12582
627 832 13743 13948
832 952 16093 16213
952 1029 21364 21441
1029 1136 21518 21625
1136 1269 21823 21956
1269 1397 23135 23263
1397 1419 27119 27141

>ENSCAFT00020016685
0 263 4969 5232
263 374 6552 6663
374 492 7824 7942
492 627 12447 12582
627 832 13743 13948
832 952 16093 16213
952 1029 21364 21441
1029 1136 21518 21625
1136 1269 21823 21956
1269 1397 23135 23263
1397 1604 24347 24554
1604 1872 24767 25035

>ENSCAFT00020016687
0 20 5283 5303
20 131 6552 6663
131 249 7824 7942
249 384 12447 12582
384 589 13743 13948
589 709 16093 16213
709 786 21364 21441
786 893 21518 21625
893 1026 21823 21956
1026 1154 23135 23263
1154 1361 24347 24554
1361 1629 24767 25035

>ENSCAFT00020019189
0 115 0 115
115 207 484 576
207 344 707 844
344 508 956 1120
508 621 1278 1391
621 685 1532 1596
685 783 1908 2006
783 885 2221 2323
885 1011 2509 2635
1011 1133 2824 2946
1133 1238 3244 3349
1238 1364 3445 3571
1364 1506 3885 4027
1506 1620 4109 4223
1620 1689 4432 4501
1689 1794 5280 5385
1794 1941 5906 6053
1941 2067 6331 6457
2067 2223 6789 6945

>ENSCAFT00020022641
0 263 0 263
263 374 58476 58587
374 492 61151 61269
492 627 63855 63990
627 832 67890 68095
832 952 74417 74537
952 1029 85075 85152
1029 1136 89155 89262
1136 1269 91714 91847
1269 1397 92959 93087
1397 1604 96501 96708
1604 1881 98460 98737

>ENSCAFT00020027082
0 78 0 78
78 207 3705 3834
207 344 8202 8339
344 508 18021 18185
508 621 21468 21581
621 685 24040 24104
685 783 25287 25385
783 885 31305 31407
885 1011 34595 34721
1011 1133 36346 36468
1133 1238 40071 40176
1238 1364 43763 43889
1364 1506 46172 46314
1506 1569 47450 47513
1569 1683 48501 48615
1683 1749 51698 51764
1749 1854 52815 52920
1854 2001 54073 54220
2001 2127 54330 54456
2127 2283 54623 54779

>ENSCAFT00020027083
0 78 141 219
78 207 3705 3834
207 344 8202 8339
344 508 18021 18185
508 621 21468 21581
621 685 24040 24104
685 783 25287 25385
783 885 31305 31407
885 1011 34595 34721
1011 1133 36346 36468
1133 1238 40071 40176
1238 1364 43763 43889
1364 1506 46172 46314
1506 1620 48501 48615
1620 1686 51698 51764
1686 1791 52815 52920
1791 1938 54073 54220
1938 2064 54330 54456
2064 2220 54778 54779

>ENSCAFT00020027453
0 55 1054 1109
55 147 3742 3834
147 284 8202 8339
284 448 18021 18185
448 565 21468 21585
565 625 24044 24104
625 723 25287 25385
723 825 31305 31407
825 955 34595 34725
955 1073 36350 36468
1073 1178 40071 40176
1178 1304 43763 43889
1304 1446 46172 46314
1446 1560 48501 48615
1560 1626 51698 51764
1626 1731 52815 52920
1731 1878 54073 54220
1878 2004 54330 54456
2004 2160 54778 54779

>ENSCAFT00020027455
0 27 1499 1526
27 156 3705 3834
156 293 8202 8339
293 457 18021 18185
457 570 21468 21581
570 634 24040 24104
634 732 25287 25385
732 834 31305 31407
834 964 34595 34725
964 1082 36350 36468
1082 1187 40071 40176
1187 1313 43763 43889
1313 1455 46172 46314
1455 1569 48501 48615
1569 1635 51698 51764
1635 1740 52815 52920
1740 1887 54073 54220
1887 2013 54330 54456
2013 2169 54778 54779

>ENSCAFT00020027460
0 50 0 50
50 239 4434 4623
239 357 4775 4893
357 492 5448 5583
492 697 5686 5891
697 817 7727 7847
817 894 8157 8234
894 1001 8338 8445
1001 1134 9333 9466
1134 1262 11201 11329
1262 1466 11512 11716
1466 1719 12150 12403

>ENSCAFT00020027461
0 87 1715 1802
87 216 3705 3834
216 353 8202 8339
353 517 18021 18185
517 630 21468 21581
630 694 24040 24104
694 792 25287 25385
792 894 31305 31407
894 1020 34595 34721
1020 1142 36346 36468
1142 1247 40071 40176
1247 1373 43763 43889
1373 1515 46172 46314
1515 1629 48501 48615
1629 1695 51698 51764
1695 1800 52815 52920
1800 1947 54073 54220
1947 2073 54330 54456
2073 2229 54778 54779

>ENSCAFT00020027467
0 42 2229 2271
42 171 3705 3834
171 308 8202 8339
308 472 18021 18185
472 585 21468 21581
585 649 24040 24104
649 747 25287 25385
747 849 31305 31407
849 975 34595 34721
975 1097 36346 36468
1097 1202 40071 40176
1202 1328 43763 43889
1328 1470 46172 46314
1470 1584 48501 48615
1584 1650 51698 51764
1650 1755 52815 52920
1755 1902 54073 54220
1902 2028 54330 54456
2028 2184 54623 54779

>ENSCAFT00020027545
0 24 2368 2392
24 153 3705 3834
153 278 8202 8327
278 442 18021 18185
442 580 21468 21606
580 678 25287 25385
678 780 31305 31407
780 906 34595 34721
906 1028 36346 36468
1028 1133 40071 40176
1133 1259 43763 43889
1259 1401 46172 46314
1401 1464 47450 47513
1464 1578 48501 48615
1578 1644 51698 51764
1644 1749 52815 52920
1749 1896 54073 54220
1896 2022 54330 54456
2022 2178 54778 54779

>ENSCAFT00020027550
0 66 2523 2589
66 195 3705 3834
195 332 8202 8339
332 496 18021 18185
496 609 21468 21581
609 673 24040 24104
673 771 25287 25385
771 873 31305 31407
873 999 34595 34721
999 1121 36346 36468
1121 1226 40071 40176
1226 1352 43763 43889
1352 1494 46172 46314
1494 1608 48501 48615
1608 1674 51698 51764
1674 1779 52815 52920
1779 1926 54073 54220
1926 2052 54330 54456
2052 2208 54778 54779

>ENSCAFT00020027558
0 26 941 967
26 137 4512 4623
137 255 4775 4893
255 390 5448 5583
390 595 5686 5891
595 715 7727 7847
715 792 8157 8234
792 899 8338 8445
899 1032 9333 9466
1032 1160 11201 11329
1160 1364 11512 11716
1364 1504 12150 12290
1504 1587 14664 14747

>ENSCAFT00020027572
0 84 1872 1956
84 188 3007 3111
188 299 4512 4623
299 417 4775 4893
417 552 5448 5583
552 757 5686 5891
757 877 7727 7847
877 954 8157 8234
954 1061 8338 8445
1061 1194 9333 9466
1194 1322 11201 11329
1322 1526 11512 11716
1526 1779 12150 12403

>ENSCAFT00020027606
0 124 2170 2294
124 371 4376 4623
371 489 4775 4893
489 624 5448 5583
624 829 5686 5891
829 949 7727 7847
949 1026 8157 8234
1026 1133 8338 8445
1133 1266 9333 9466
1266 1394 11201 11329
1394 1598 11512 11716
1598 1851 12150 12403

>ENSCAFT00020027610
0 221 2902 3123
221 332 4512 4623
332 450 4775 4893
450 585 5448 5583
585 790 5686 5891
790 910 7727 7847
910 987 8157 8234
987 1094 8338 8445
1094 1227 9333 9466
1227 1355 11201 11329
1355 1559 11512 11716
1559 1699 12150 12290
1699 1782 14664 14747

>ENSCAFT00020027614
0 24 3253 3277
24 153 3705 3834
153 290 8202 8339
290 454 18021 18185
454 571 21468 21585
571 631 24044 24104
631 729 25287 25385
729 825 31305 31401
825 951 34595 34721
951 1073 36346 36468
1073 1178 40071 40176
1178 1304 43763 43889
1304 1446 46172 46314
1446 1560 48501 48615
1560 1626 51698 51764
1626 1731 52815 52920
1731 1878 54073 54220
1878 2004 54330 54456
2004 2160 54778 54779

>ENSCAFT00020027617
0 57 3500 3557
57 186 3705 3834
186 323 8202 8339
323 487 18021 18185
487 600 21468 21581
600 664 24040 24104
664 762 25287 25385
762 864 31305 31407
864 990 34595 34721
990 1112 36346 36468
1112 1217 40071 40176
1217 1343 43763 43889
1343 1485 46172 46314
1485 1599 48501 48615
1599 1665 51698 51764
1665 1770 52815 52920
1770 1917 54073 54220
1917 2043 54330 54456
2043 2199 54623 54779

>ENSCAFT00020027644
0 197 2926 3123
197 308 4512 4623
308 426 4775 4893
426 561 5448 5583
561 766 5686 5891
766 886 7727 7847
886 963 8157 8234
963 1070 8338 8445
1070 1203 9333 9466
1203 1331 11201 11329
1331 1535 11512 11716
1535 1747 12150 12362
1747 1758 16521 16532

>ENSCAFT00020027666
0 197 2926 3123
197 308 4512 4623
308 426 4775 4893
426 561 5448 5583
561 766 5686 5891
766 886 7727 7847
886 963 8157 8234
963 1070 8338 8445
1070 1203 9333 9466
1203 1305 11201 11303
1305 1362 15716 15773

>ENSCAFT00020027668
0 197 2926 3123
197 308 4512 4623
308 426 4775 4893
426 561 5448 5583
561 766 5686 5891
766 886 7727 7847
886 963 8157 8234
963 1070 8338 8445
1070 1203 9333 9466
1203 1331 11201 11329
1331 1535 11512 11716
1535 1788 12150 12403

>ENSCAFT00020027684
0 197 2926 3123
197 308 4512 4623
308 426 4775 4893
426 561 5448 5583
561 766 5686 5891
766 886 7727 7847
886 963 8157 8234
963 1070 8338 8445
1070 1203 9333 9466
1203 1331 11201 11329
1331 1453 11512 11634
1453 1470 11721 11738
1470 1710 12163 12403

>ENSCAFT00020027688
0 124 4070 4194
124 371 4376 4623
371 489 4775 4893
489 624 5448 5583
624 829 5686 5891
829 949 7727 7847
949 1026 8157 8234
1026 1133 8338 8445
1133 1266 9333 9466
1266 1394 11201 11329
1394 1598 11512 11716
1598 1851 12150 12403

>ENSGALT00000007216
0 82 117 199
82 174 4621 4713
174 311 5221 5358
311 475 6530 6694
475 588 7182 7295
588 652 8421 8485
652 750 9500 9598
750 852 9928 10030
852 984 10121 10253
984 1106 10533 10655
1106 1211 11239 11344
1211 1337 11770 11896
1337 1479 12669 12811
1479 1593 13341 13455
1593 1659 13667 13733
1659 1764 14074 14179
1764 1911 14563 14710
1911 2037 15016 15142
2037 2193 15393 15549

>ENSGALT00000007990
0 173 0 173
173 284 2158 2269
284 402 2466 2584
402 537 2667 2802
537 742 2878 3083
742 862 3150 3270
862 939 3355 3432
939 1046 3541 3648
1046 1179 3723 3856
1179 1307 4038 4166
1307 1511 4230 4434
1511 1746 4917 5152

>ENSGALT00000010972
0 36 15158 15194
36 173 16619 16756
173 337 21804 21968
337 450 23313 23426
450 514 25100 25164
514 612 25951 26049
612 714 28575 28677
714 840 32781 32907
840 962 34596 34718
962 1067 39554 39659
1067 1193 40926 41052
1193 1335 42167 42309
1335 1398 43521 43584
1398 1512 44930 45044
1512 1578 45427 45493
1578 1683 46477 46582
1683 1830 47477 47624
1830 1956 47844 47970
1956 2112 48811 48967

>ENSGALT00000062475
0 266 50 316
266 377 22835 22946
377 495 23640 23758
495 630 24227 24362
630 835 26167 26372
835 955 28407 28527
955 1032 28643 28720
1032 1139 29906 30013
1139 1272 30655 30788
1272 1400 30982 31110
1400 1607 31610 31817
1607 1884 32264 32541

>ENSGALT00000068246
0 103 266 369
103 195 15102 15194
195 332 16619 16756
332 496 21804 21968
496 609 23313 23426
609 673 25100 25164
673 771 25951 26049
771 873 28575 28677
873 999 32781 32907
999 1121 34596 34718
1121 1226 39554 39659
1226 1352 40926 41052
1352 1494 42167 42309
1494 1608 44930 45044
1608 1674 45427 45493
1674 1779 46477 46582
1779 1926 47477 47624
1926 2052 47844 47970
2052 2208 48811 48967

>ENSGALT00000083959
0 103 266 369
103 195 15102 15194
195 332 16619 16756
332 496 21804 21968
496 609 23313 23426
609 673 25100 25164
673 771 25951 26049
771 873 28575 28677
873 999 32781 32907
999 1121 34596 34718
1121 1226 39554 39659
1226 1352 40926 41052
1352 1494 42167 42309
1494 1557 43521 43584
1557 1671 44930 45044
1671 1737 45427 45493
1737 1842 46477 46582
1842 1989 47477 47624
1989 2115 47844 47970
2115 2271 48811 48967

>ENSGALT00000092795
0 218 0 218
218 329 2540 2651
329 447 3455 3573
447 582 3849 3984
582 787 7852 8057
787 907 8154 8274
907 984 13174 13251
984 1091 13357 13464
1091 1224 13542 13675
1224 1352 13791 13919
1352 1559 14018 14225
1559 1827 18285 18553

>ENSGALT00000095767
0 674 1595 2269
674 792 2466 2584
792 927 2667 2802
927 1132 2878 3083
1132 1252 3150 3270
1252 1329 3355 3432
1329 1436 3541 3648
1436 1569 3723 3856
1569 1697 4038 4166
1697 1901 4230 4434
1901 2136 4917 5152

>ENSGALT00000096361
0 200 876 1076
200 311 2158 2269
311 429 2466 2584
429 564 2667 2802
564 769 2878 3083
769 889 3150 3270
889 966 3355 3432
966 1073 3541 3648
1073 1206 3723 3856
1206 1334 4038 4166
1334 1538 4230 4434
1538 1773 4917 5152

>ENSGALT00000101669
0 218 0 218
218 329 2540 2651
329 447 3455 3573
447 652 7852 8057
652 772 8154 8274
772 849 13174 13251
849 956 13357 13464
956 1089 13542 13675
1089 1217 13791 13919
1217 1424 14018 14225
1424 1692 18285 18553

>ENSGALT00000103847
0 218 0 218
218 329 2540 2651
329 447 3455 3573
447 582 3849 3984
582 787 7852 8057
787 864 13174 13251
864 971 13357 13464
971 1104 13542 13675
1104 1232 13791 13919
1232 1439 14018 14225
1439 1707 18285 18553

>ENSMUST00000004968
0 118 667 785
118 210 1098 1190
210 347 1316 1453
347 511 1553 1717
511 624 1864 1977
624 688 2107 2171
688 786 2579 2677
786 888 2878 2980
888 1014 3132 3258
1014 1136 3399 3521
1136 1241 3726 3831
1241 1367 3940 4066
1367 1509 4281 4423
1509 1623 4525 4639
1623 1692 4753 4822
1692 1797 6190 6295
1797 1944 7124 7271
1944 2070 7914 8040
2070 2226 9087 9243

>ENSMUST00000019199
0 76 90 166
76 168 3945 4037
168 305 5004 5141
305 469 5482 5646
469 582 7115 7228
582 646 8246 8310
646 744 9647 9745
744 846 10519 10621
846 978 11119 11251
978 1100 13522 13644
1100 1205 15265 15370
1205 1331 15635 15761
1331 1473 16457 16599
1473 1587 17874 17988
1587 1653 18568 18634
1653 1758 19358 19463
1758 1905 20824 20971
1905 2031 23422 23548
2031 2187 25893 26049

>ENSMUST00000044311
0 260 308 568
260 371 68619 68730
371 489 71858 71976
489 624 73265 73400
624 829 85008 85213
829 949 89950 90070
949 1026 95972 96049
1026 1133 100075 100182
1133 1266 103128 103261
1266 1394 104248 104376
1394 1601 106963 107170
1601 1878 108682 108959

>ENSMUST00000047521
0 188 374 562
188 299 1859 1970
299 417 2111 2229
417 552 3399 3534
552 757 3644 3849
757 877 6441 6561
877 954 6824 6901
954 1061 6997 7104
1061 1194 8840 8973
1194 1322 11449 11577
1322 1526 11751 11955
1526 1779 12532 12785

>ENSMUST00000047903
0 245 202 447
245 356 1086 1197
356 474 1912 2030
474 609 6552 6687
609 814 7077 7282
814 934 8654 8774
934 1011 9603 9680
1011 1118 9750 9857
1118 1251 10766 10899
1251 1379 11705 11833
1379 1586 12092 12299
1586 1854 12495 12763

>ENSMUST00000070522
0 109 237 346
109 201 29032 29124
201 338 31248 31385
338 502 38979 39143
502 615 42268 42381
615 679 44616 44680
679 777 46378 46476
777 879 49077 49179
879 1005 51522 51648
1005 1127 53039 53161
1127 1232 54113 54218
1232 1358 56365 56491
1358 1500 58518 58660
1500 1614 60725 60839
1614 1680 62556 62622
1680 1785 63150 63255
1785 1932 64285 64432
1932 2058 64541 64667
2058 2214 64852 65008

>ENSMUST00000105712
0 76 90 166
76 168 3945 4037
168 305 5004 5141
305 469 5482 5646
469 582 7115 7228
582 646 8246 8310
646 681 8786 8821

>ENSMUST00000127100
0 34 4605 4639
34 103 4753 4822
103 208 6190 6295
208 355 7124 7271
355 600 7914 8159

>ENSMUST00000127586
0 260 308 568
260 371 68619 68730
371 489 71858 71976
489 624 73265 73400
624 829 85008 85213
829 949 89950 90070
949 1026 95972 96049
1026 1133 100075 100182
1133 1266 103128 103261
1266 1394 104248 104376
1394 1410 104488 104504

>ENSMUST00000134152
0 182 380 562
182 443 1709 1970
443 478 2111 2146

>ENSMUST00000149129
0 90 15671 15761
90 232 16457 16599
232 346 17874 17988
346 412 18568 18634
412 517 19358 19463
517 658 20421 20562
658 805 20824 20971

>ENSMUST00000154464
0 83 99 182
83 194 1859 1970
194 275 2111 2192

>ENSMUST00000160359
0 109 237 346
109 201 29032 29124
201 338 31248 31385
338 502 38979 39143
502 615 42268 42381
615 679 44616 44680
679 777 46378 46476
777 879 49077 49179
879 1005 51522 51648
1005 1127 53039 53161
1127 1232 54113 54218
1232 1358 56365 56491
1358 1500 58518 58660
1500 1563 59762 59825
1563 1677 60725 60839
1677 1743 62556 62622
1743 1848 63150 63255
1848 1995 64285 64432
1995 2121 64541 64667
2121 2277 64852 65008

>ENST00000196061
0 76 575 651
76 168 13771 13863
168 302 15568 15702
302 466 16152 16316
466 579 18418 18531
579 643 20625 20689
643 741 22712 22810
741 843 23637 23739
843 975 24311 24443
975 1097 26441 26563
1097 1202 29327 29432
1202 1328 29970 30096
1328 1470 30439 30581
1470 1584 31275 31389
1584 1650 32046 32112
1650 1755 32782 32887
1755 1902 36465 36612
1902 2028 38667 38793
2028 2184 40448 40604

>ENST00000223127
0 109 1146 1255
109 201 1634 1726
201 338 1874 2011
338 502 2094 2258
502 615 2400 2513
615 679 3268 3332
679 777 5216 5314
777 879 5477 5579
879 1005 5765 5891
1005 1127 6046 6168
1127 1232 6470 6575
1232 1358 6704 6830
1358 1500 7747 7889
1500 1614 7976 8090
1614 1683 8259 8328
1683 1788 9463 9568
1788 1935 10696 10843
1935 2061 11516 11642
2061 2217 11984 12140

>ENST00000252599
0 260 65 325
260 371 3662 3773
371 489 4699 4817
489 624 11757 11892
624 829 12860 13065
829 949 16834 16954
949 1026 21546 21623
1026 1133 21712 21819
1133 1266 22308 22441
1266 1394 23833 23961
1394 1601 25050 25257
1601 1869 25528 25796

>ENST00000282903
0 109 2664 2773
109 201 39424 39516
201 338 42405 42542
338 502 53205 53369
502 615 57009 57122
615 679 59311 59375
679 777 60801 60899
777 879 71752 71854
879 1005 74942 75068
1005 1127 76745 76867
1127 1232 78380 78485
1232 1358 81790 81916
1358 1500 84396 84538
1500 1563 85729 85792
1563 1677 86758 86872
1677 1743 90301 90367
1743 1848 90988 91093
1848 1995 92230 92377
1995 2121 92486 92612
2121 2277 92781 92937

>ENST00000360060
0 109 2664 2773
109 201 39424 39516
201 338 42405 42542
338 502 53205 53369
502 615 57009 57122
615 679 59311 59375
679 777 60801 60899
777 879 71752 71854
879 1005 74942 75068
1005 1127 76745 76867
1127 1232 78380 78485
1232 1358 81790 81916
1358 1500 84396 84538
1500 1614 86758 86872
1614 1680 90301 90367
1680 1785 90988 91093
1785 1932 92230 92377
1932 2058 92486 92612
2058 2214 92781 92937

>ENST00000361927
0 263 372 635
263 374 59209 59320
374 492 62515 62633
492 627 63979 64114
627 832 68256 68461
832 952 73709 73829
952 1029 82891 82968
1029 1136 86616 86723
1136 1269 92165 92298
1269 1397 93406 93534
1397 1604 96942 97149
1604 1881 98692 98969

>ENST00000367520
0 163 73666 73829
163 240 82891 82968
240 347 86616 86723
347 480 92165 92298
480 608 93406 93534
608 815 96942 97149
815 1092 98692 98969

>ENST00000367521
0 93 92205 92298
93 221 93406 93534
221 428 96942 97149
428 705 98692 98969

>ENST00000372838
0 197 9127 9324
197 308 11117 11228
308 426 11395 11513
426 561 12387 12522
561 766 12659 12864
766 886 16551 16671
886 963 17006 17083
963 1070 17179 17286
1070 1203 19420 19553
1203 1331 22351 22479
1331 1535 22659 22863
1535 1788 23902 24155

>ENST00000372842
0 74 11154 11228
74 192 11395 11513
192 327 12387 12522
327 532 12659 12864
532 652 16551 16671
652 729 17006 17083
729 836 17179 17286
836 969 19420 19553
969 1097 22351 22479
1097 1301 22659 22863
1301 1554 23902 24155

>ENST00000411852
0 74 11154 11228
74 192 11395 11513
192 237 12387 12432

>ENST00000414785
0 121 451 572
121 213 1634 1726
213 350 1874 2011
350 514 2094 2258

>ENST00000420034
0 74 11154 11228
74 192 11395 11513

>ENST00000420512
0 74 11154 11228
74 192 11395 11513
192 327 12387 12522
327 532 12659 12864
532 654 16551 16673

>ENST00000421736
0 113 2400 2513
113 177 3268 3332
177 275 5216 5314
275 377 5477 5579
377 499 6046 6168
499 604 6470 6575
604 730 6704 6830
730 809 7747 7826

>ENST00000424135
0 137 1874 2011
137 267 2094 2224
267 378 2510 2513

>ENST00000429000
0 76 575 651
76 168 13771 13863
168 302 15568 15702
302 466 16152 16316
466 579 18418 18531
579 643 20625 20689
643 747 22885 22989
747 849 23637 23739

>ENST00000440925
0 70 6505 6575
70 200 6833 6880

>ENST00000447915
0 74 11154 11228
74 192 11395 11513
192 328 12387 12523

>ENST00000449038
0 76 575 651
76 217 10317 10458
217 309 13771 13863
309 443 15568 15702
443 607 16152 16316
607 676 18418 18487

>ENST00000454310
0 82 6748 6830
82 224 7747 7889
224 338 7976 8090
338 407 8259 8328
407 512 9463 9568
512 638 11516 11642
638 794 12139 12444

>ENST00000456079
0 109 1146 1255
109 201 1634 1726
201 227 1874 1900

>ENST00000461497
0 212 78273 78485
212 338 81790 81916
338 480 84396 84538
480 543 85729 85792
543 657 86758 86872
657 723 90301 90367
723 828 90988 91093
828 975 92230 92377
975 1101 92486 92612
1101 1257 92781 92937

>ENST00000469350
0 25 35 60
25 117 39424 39516
117 254 42405 42542
254 418 53205 53369
418 531 57009 57122
531 595 59311 59375
595 688 60801 60894

>ENST00000480704
0 109 2664 2773
109 201 39424 39516
201 262 40328 40389
262 297 42405 42440

>ENST00000494950
0 36 39480 39516
36 173 42405 42542
173 337 53205 53369
337 450 57009 57122
450 514 59311 59375
514 612 60801 60899
612 714 71752 71854
714 840 74942 75068
840 962 76745 76867
962 1067 78380 78485
1067 1193 81790 81916
1193 1335 84396 84538
1335 1398 85729 85792
1398 1512 86758 86872
1512 1578 90301 90367
1578 1683 90988 91093
1683 1830 92230 92377
1830 1956 92486 92612
1956 2112 92781 92937

>ENST00000597147
0 101 12964 13065
101 178 21546 21623
178 285 21712 21819
285 418 22308 22441
418 546 23833 23961
546 654 25050 25158

>ENST00000600474
0 92 3681 3773
92 210 4699 4817
210 345 11757 11892
345 414 12860 12929

>ENST00000612334
0 74 11154 11228
74 192 11395 11513
192 327 12387 12522
327 532 12659 12864
532 652 16551 16671
652 729 17006 17083
729 831 17179 17281
831 835 17282 17286
835 969 19419 19553
969 1097 22351 22479
1097 1301 22659 22863
1301 1554 23902 24155

>ENST00000613052
0 258 25107 25365
258 324 25367 25433
324 468 25434 25578

>ENST00000649786
0 263 372 635
263 374 59209 59320
374 492 62515 62633
492 627 63979 64114
627 832 68256 68461
832 952 73709 73829
952 1029 82891 82968
1029 1136 86616 86723
1136 1269 92165 92298
1269 1397 93406 93534
1397 1604 96942 97149
1604 1665 107440 107501

