>ENSBTAT00000008170
0 31 71592 71623
31 135 92781 92885
135 257 96974 97096
257 305 100096 100144
305 468 116746 116909
468 612 124265 124409
612 681 127145 127214
681 833 131490 131642
833 1000 135483 135650
1000 1106 141387 141493
1106 1290 141697 141881

>ENST00000497579
0 3 144101 144104
3 125 154403 154525
125 173 155959 156007
173 336 170862 171025
336 480 175353 175497
480 549 179403 179472
549 664 185581 185696

>ENSMUST00000179065
0 47 91401 91448
47 95 94305 94353
95 258 98690 98853
258 402 101352 101496
402 471 104097 104166
471 623 110525 110677
623 790 114247 114414
790 896 121202 121308
896 1080 121513 121697

>ENSMUST00000185644
0 3 77665 77668
3 125 91326 91448
125 173 94305 94353
173 336 98690 98853
336 480 101352 101496
480 549 104097 104166
549 701 110525 110677
701 868 114247 114414
868 974 121202 121308
974 1158 121513 121697

>ENST00000478006
0 47 154478 154525
47 95 155959 156007
95 258 170862 171025
258 405 175350 175497
405 474 179403 179472
474 621 185581 185728

>ENSCAFT00020012390
0 3 111900 111903
3 125 117101 117223
125 173 118664 118712
173 336 135008 135171
336 483 139433 139580
483 552 141860 141929
552 704 146160 146312
704 871 149704 149871
871 977 154176 154282
977 1161 154512 154696

>ENSMUST00000190104
0 3 77665 77668
3 122 91326 91445

>ENST00000489671
0 15 47795 47810
15 82 56417 56484
82 186 144000 144104
186 308 154403 154525
308 356 155959 156007
356 519 170862 171025
519 663 175353 175497
663 732 179403 179472
732 884 185581 185733
884 1051 189704 189871
1051 1157 196528 196634
1157 1341 196848 197032

>ENSMUST00000188750
0 15 26909 26924
15 82 36407 36474
82 186 77564 77668
186 308 91326 91448
308 356 94305 94353
356 519 98690 98853
519 663 101352 101496
663 732 104097 104166
732 884 110525 110677
884 1051 114247 114414
1051 1157 121202 121308
1157 1341 121513 121697

>ENSBTAT00000086058
0 14 96860 96874
14 128 96982 97096
128 176 100096 100144
176 339 116746 116909
339 483 124265 124409
483 552 127145 127214
552 704 131490 131642
704 871 135483 135650
871 977 141387 141493
977 1161 141697 141881

>ENST00000474279
0 24 185709 185733
24 191 189704 189871
191 343 196528 196680

>ENST00000499676
0 102 149191 149293
102 224 154403 154525
224 272 155959 156007
272 435 170862 171025
435 579 175353 175497
579 648 179403 179472
648 800 185581 185733
800 967 189704 189871
967 1073 196528 196634
1073 1257 196848 197032

>ENSGALT00000076898
0 15 10359 10374
15 64 12783 12832
64 154 13456 13546
154 183 14698 14727
183 250 16468 16535
250 354 27553 27657
354 476 30140 30262
476 524 32304 32352
524 687 33872 34035
687 834 34520 34667
834 903 36514 36583
903 1055 38109 38261
1055 1222 41669 41836
1222 1322 46601 46701
1322 1509 47817 48004

>ENSMUST00000189606
0 3 77665 77668
3 125 91326 91448
125 288 98690 98853
288 435 101349 101496
435 504 104097 104166
504 656 110525 110677
656 823 114247 114414
823 929 121202 121308
929 1112 121513 121696

>ENST00000467667
0 3 144101 144104
3 125 154403 154525
125 173 155959 156007
173 336 170862 171025
336 483 175350 175497
483 552 179403 179472
552 704 185581 185733
704 748 189704 189748

>ENST00000486111
0 3 144101 144104
3 125 154403 154525
125 173 155959 156007
173 336 170862 171025
336 483 175350 175497
483 552 179403 179472
552 704 185581 185733
704 871 189704 189871
871 977 196528 196634
977 1161 196848 197032

>ENST00000475734
0 3 144101 144104
3 125 154403 154525
125 141 155959 155975

>ENST00000479040
0 3 144101 144104
3 125 154403 154525
125 173 155959 156007
173 336 170862 171025
336 480 175353 175497
480 549 179403 179472
549 701 185581 185733
701 868 189704 189871
868 974 196528 196634
974 1158 196848 197032

>ENSMUST00000179416
0 3 77665 77668
3 125 91326 91448
125 173 94305 94353
173 336 98690 98853
336 480 101352 101496
480 549 104097 104166
549 701 110525 110677
701 868 114247 114414
868 974 121202 121308
974 1158 121513 121697

>ENSMUST00000165120
0 111 98742 98853
111 255 101352 101496
255 324 104097 104166
324 476 110525 110677
476 643 114247 114414
643 749 121202 121308
749 933 121513 121697

>ENSCAFT00000012380
0 15 4444 4459
15 82 11838 11905
82 186 68683 68787
186 308 73988 74110
308 356 75551 75599
356 519 91896 92059
519 666 96306 96453
666 735 98733 98802
735 887 103032 103184
887 1054 106576 106743
1054 1160 111050 111156
1160 1344 111386 111570

>ENST00000494656
0 48 155959 156007
48 202 160030 160184

>ENSMUST00000165768
0 3 77665 77668
3 125 91326 91448
125 173 94305 94353
173 336 98690 98853
336 483 101349 101496
483 552 104097 104166
552 704 110525 110677
704 871 114247 114414
871 977 121202 121308
977 1161 121513 121697

>ENSMUST00000188008
0 3 77665 77668
3 125 91326 91448
125 288 98690 98853
288 435 101349 101496
435 504 104097 104166
504 656 110525 110677
656 823 114247 114414
823 929 121202 121308
929 1109 121513 121693

>ENST00000467634
0 15 47795 47810
15 82 56417 56484
82 186 144000 144104
186 260 154403 154477

>ENST00000488107
0 3 144101 144104
3 125 154403 154525
125 173 155959 156007
173 271 170862 170960

>ENSCAFT00020012381
0 15 47288 47303
15 82 54685 54752
82 186 111799 111903
186 308 117101 117223
308 471 135008 135171
471 618 139433 139580
618 687 141860 141929
687 839 146160 146312
839 1006 149704 149871
1006 1112 154176 154282
1112 1296 154512 154696

>ENSGALT00000045629
0 15 10359 10374
15 82 16468 16535
82 186 27553 27657
186 308 30140 30262
308 356 32304 32352
356 519 33872 34035
519 663 34523 34667
663 732 36514 36583
732 884 38109 38261
884 1051 41669 41836
1051 1151 46601 46701
1151 1338 47817 48004

>ENST00000477292
0 111 170914 171025
111 255 175353 175497
255 324 179403 179472
324 476 185581 185733
476 643 189704 189871
643 749 196528 196634
749 933 196848 197032

>ENSMUST00000186609
0 17 77651 77668
17 180 98690 98853
180 327 101349 101496
327 396 104097 104166
396 548 110525 110677
548 612 114247 114311

>ENSMUST00000034982
0 3 77665 77668
3 125 91326 91448
125 173 94305 94353
173 336 98690 98853
336 480 101352 101496
480 549 104097 104166
549 701 110525 110677
701 868 114247 114414
868 974 121202 121308
974 1158 121513 121697

>ENSMUST00000191133
0 123 114291 114414
123 352 121202 121431

>ENSBTAT00000076561
0 27 76 103
27 94 9372 9439
94 198 92781 92885
198 320 96974 97096
320 368 100096 100144
368 531 116746 116909
531 675 124265 124409
675 744 127145 127214
744 896 131490 131642
896 1063 135483 135650
1063 1169 141387 141493
1169 1353 141697 141881

>ENSCAFT00020012376
0 15 47288 47303
15 82 54685 54752
82 186 111799 111903
186 308 117101 117223
308 356 118664 118712
356 519 135008 135171
519 666 139433 139580
666 735 141860 141929
735 887 146160 146312
887 1054 149704 149871
1054 1160 154176 154282
1160 1344 154512 154696

>ENSMUST00000188829
0 3 77665 77668
3 125 91326 91448
125 173 94305 94353
173 340 98690 98857

>ENST00000495310
0 17 144087 144104
17 65 155959 156007
65 228 170862 171025
228 372 175353 175497
372 441 179403 179472
441 593 185581 185733
593 760 189704 189871
760 866 196528 196634
866 1050 196848 197032

>ENST00000494358
0 3 144101 144104
3 85 154403 154485

>ENSBTAT00000008169
0 3 92882 92885
3 125 96974 97096
125 173 100096 100144
173 336 116746 116909
336 480 124265 124409
480 549 127145 127214
549 701 131490 131642
701 868 135483 135650
868 974 141387 141493
974 1158 141697 141881

>ENSGALT00000104323
0 15 10359 10374
15 82 16468 16535
82 186 27553 27657
186 308 30140 30262
308 356 32304 32352
356 519 33872 34035
519 666 34520 34667
666 735 36514 36583
735 887 38109 38261
887 1054 41669 41836
1054 1154 46601 46701
1154 1341 47817 48004

>ENST00000467072
0 3 144101 144104
3 125 154403 154525
125 173 155959 156007
173 336 170862 171025
336 483 175350 175497
483 552 179403 179472
552 704 185581 185733
704 871 189704 189871
871 977 196528 196634
977 1161 196848 197032

>ENSGALT00000048439
0 201 12631 12832
201 268 16468 16535
268 372 27553 27657
372 494 30140 30262
494 542 32304 32352
542 705 33872 34035
705 852 34520 34667
852 921 36514 36583
921 1073 38109 38261
1073 1240 41669 41836
1240 1340 46601 46701
1340 1527 47817 48004

>ENST00000487734
0 15 47795 47810
15 82 56417 56484
82 186 144000 144104
186 213 149190 149217

>ENSGALT00000105033
0 3 27654 27657
3 125 30140 30262
125 173 32304 32352
173 336 33872 34035
336 483 34520 34667
483 552 36514 36583
552 704 38109 38261
704 871 41669 41836
871 971 46601 46701
971 1158 47817 48004

