>ENSMUST00000219315
0 33 27706 27739
33 83 123935 123985
83 208 177663 177788
208 277 179092 179161
277 370 187300 187393
370 437 191632 191699
437 580 193132 193275
580 724 193391 193535
724 804 194787 194867
804 970 198689 198855
970 1107 210689 210826
1107 1191 212512 212596
1191 1281 226845 226935
1281 1340 233908 233967
1340 1501 234073 234234
1501 1616 236762 236877
1616 1738 239105 239227
1738 1839 240854 240955
1839 1920 244498 244579

>ENSCAFT00020034697
0 50 1201 1251
50 130 3877 3957
130 197 8912 8979
197 334 11837 11974
334 472 18364 18502
472 558 24928 25014
558 742 28648 28832
742 879 30677 30814
879 963 35804 35888
963 1053 37321 37411
1053 1112 39661 39720
1112 1273 41971 42132
1273 1388 44681 44796
1388 1510 45851 45973
1510 1611 53587 53688
1611 1692 55571 55652

>ENSMUST00000187790
0 124 7342 7466
124 202 27037 27115
202 272 35632 35702
272 351 36092 36171
351 422 39393 39464

>ENST00000497062
0 109 95387 95496
109 155 106804 106850
155 293 110318 110456
293 343 121624 121674
343 411 177561 177629
411 589 179534 179712
589 732 194615 194758
732 816 202461 202545
816 906 248435 248525
906 965 274515 274574
965 1126 278083 278244
1126 1241 285174 285289
1241 1363 286191 286313
1363 1464 288667 288768
1464 1545 293429 293510

>ENSGALT00000007180
0 109 38272 38381
109 158 43121 43170
158 301 43779 43922
301 418 46755 46872
418 486 60519 60587
486 664 62444 62622
664 792 64211 64339
792 876 64837 64921
876 966 77545 77635
966 1025 84200 84259
1025 1186 85879 86040
1186 1301 87046 87161
1301 1423 87759 87881
1423 1524 88667 88768
1524 1605 92117 92198

>ENSBTAT00000015010
0 33 72 105
33 83 171703 171753
83 202 173331 173450
202 280 200115 200193
280 350 211509 211579
350 496 211904 212050
496 634 215777 215915
634 717 237763 237846
717 904 238245 238432
904 1044 273339 273479
1044 1128 274922 275006
1128 1218 312452 312542
1218 1277 341748 341807
1277 1438 341903 342064
1438 1553 343177 343292
1553 1675 343402 343524
1675 1776 347344 347445
1776 1857 358221 358302

>ENSCAFT00020034699
0 107 8872 8979
107 244 11837 11974
244 367 18379 18502
367 625 28574 28832
625 765 30674 30814
765 849 35804 35888
849 939 37321 37411
939 998 39661 39720
998 1159 41971 42132
1159 1274 44681 44796
1274 1396 45851 45973
1396 1497 53587 53688
1497 1578 55571 55652

>ENST00000540618
0 33 30611 30644
33 77 40211 40255
77 157 45987 46067
157 224 49732 49799
224 361 52957 53094
361 447 71398 71484
447 631 75343 75527
631 771 77551 77691
771 855 84218 84302
855 945 88588 88678
945 1004 91259 91318
1004 1165 95077 95238
1165 1280 98826 98941
1280 1402 99981 100103
1402 1503 110163 110264
1503 1584 114091 114172

>ENSMUST00000074366
0 33 27706 27739
33 83 123935 123985
83 208 177663 177788
208 301 187300 187393
301 368 191632 191699
368 511 193132 193275
511 655 193391 193535
655 735 194787 194867
735 901 198689 198855
901 1038 210689 210826
1038 1122 212512 212596
1122 1212 226845 226935
1212 1271 233908 233967
1271 1432 234073 234234
1432 1547 236762 236877
1547 1669 239105 239227
1669 1770 240715 240816
1770 1851 244498 244579

>ENST00000645451
0 25 235539 235564
25 103 257851 257929
103 173 269757 269827
173 275 270146 270248

>ENSBTAT00000061546
0 33 67637 67670
33 77 77550 77594
77 157 81763 81843
157 224 87350 87417
224 361 90226 90363
361 499 99424 99562
499 585 105956 106042
585 769 108514 108698
769 909 111853 111993
909 993 116544 116628
993 1083 117818 117908
1083 1142 119955 120014
1142 1303 122302 122463
1303 1418 124500 124615
1418 1540 125593 125715
1540 1641 131338 131439
1641 1722 137075 137156

>ENSCAFT00020032129
0 121 0 121
121 190 1454 1523
190 283 9723 9816
283 350 14340 14407
350 493 15839 15982
493 637 16121 16265
637 717 18602 18682
717 901 22184 22368
901 1038 30659 30796
1038 1122 32258 32342
1122 1212 46186 46276
1212 1271 51675 51734
1271 1432 51841 52002
1432 1547 54834 54949
1547 1669 59091 59213
1669 1770 61283 61384
1770 1851 64963 65044

>ENSMUST00000092665
0 33 27706 27739
33 83 123935 123985
83 208 177663 177788
208 301 187300 187393
301 368 191632 191699
368 511 193132 193275
511 655 193391 193535
655 735 194787 194867
735 901 198689 198855
901 1038 210689 210826
1038 1122 212512 212596
1122 1212 226845 226935
1212 1271 233908 233967
1271 1432 234073 234234
1432 1547 236762 236877
1547 1669 239105 239227
1669 1770 240854 240955
1770 1851 244498 244579

>ENSCAFT00000012639
0 33 82669 82702
33 83 253079 253129
83 211 254666 254794
211 289 276921 276999
289 359 288048 288118
359 505 288440 288586
505 643 292248 292386
643 726 309489 309572
726 913 309965 310152
913 1053 339665 339805
1053 1137 341124 341208
1137 1227 365391 365481
1227 1286 394689 394748
1286 1447 394861 395022
1447 1562 395985 396100
1562 1684 396225 396347
1684 1785 400973 401074
1785 1866 417141 417222

>ENSBTAT00000083172
0 33 67637 67670
33 77 77550 77594
77 157 81763 81843
157 224 87350 87417
224 361 90226 90363
361 499 99424 99562
499 585 105956 106042
585 769 108514 108698
769 909 111853 111993
909 993 116544 116628
993 1083 117818 117908
1083 1142 119955 120014
1142 1303 122302 122463
1303 1418 124500 124615
1418 1540 125593 125715
1540 1641 131338 131439
1641 1722 137075 137156

>ENST00000355167
0 33 34183 34216
33 83 141794 141844
83 208 206032 206157
208 277 207513 207582
277 370 215958 216051
370 437 220516 220583
437 580 221737 221880
580 724 222023 222167
724 804 224181 224261
804 970 227968 228134
970 1107 240865 241002
1107 1191 242434 242518
1191 1281 265508 265598
1281 1340 272123 272182
1340 1501 272280 272441
1501 1616 274723 274838
1616 1738 282458 282580
1738 1839 284417 284518
1839 1920 288127 288208

>ENST00000317304
0 109 95387 95496
109 155 106804 106850
155 298 110318 110461
298 415 121557 121674
415 483 177561 177629
483 661 179534 179712
661 804 194615 194758
804 888 202461 202545
888 947 274515 274574
947 1108 278083 278244
1108 1223 285174 285289
1223 1345 286191 286313
1345 1446 288667 288768
1446 1527 293429 293510

>ENSBTAT00000080357
0 25 171728 171753
25 103 200115 200193
103 173 211509 211579
173 319 211904 212050
319 442 215792 215915
442 525 237763 237846
525 712 238245 238432
712 852 273339 273479
852 936 274922 275006
936 1026 312452 312542
1026 1085 341748 341807
1085 1246 341903 342064
1246 1361 343177 343292
1361 1483 343402 343524
1483 1584 347344 347445
1584 1665 358221 358302

>ENST00000643681
0 33 56249 56282
33 83 235514 235564
83 211 237116 237244
211 289 257851 257929
289 359 269757 269827
359 505 270146 270292
505 643 274336 274474
643 726 292305 292388
726 913 292792 292979
913 1053 320128 320268
1053 1137 322202 322286
1137 1227 347333 347423
1227 1286 375002 375061
1286 1447 375173 375334
1447 1562 376297 376412
1562 1684 376517 376639
1684 1785 380769 380870
1785 1866 392605 392686

>ENST00000303824
0 124 237120 237244
124 202 257851 257929
202 272 269757 269827
272 415 270149 270292
415 538 274351 274474
538 621 292305 292388
621 808 292792 292979
808 948 320128 320268
948 1032 322202 322286
1032 1122 347333 347423
1122 1181 375002 375061
1181 1342 375173 375334
1342 1457 376297 376412
1457 1579 376517 376639
1579 1680 380769 380870
1680 1761 392605 392686

>ENSGALT00000074069
0 33 20408 20441
33 83 80614 80664
83 208 101160 101285
208 277 102410 102479
277 370 107787 107880
370 437 114159 114226
437 580 116151 116294
580 724 116440 116584
724 804 117460 117540
804 988 117883 118067
988 1125 126045 126182
1125 1209 127533 127617
1209 1299 136070 136160
1299 1358 144006 144065
1358 1519 144170 144331
1519 1634 146330 146445
1634 1756 148210 148332
1756 1857 150273 150374
1857 1938 152026 152107

>ENSBTAT00000076356
0 33 67637 67670
33 77 77550 77594
77 157 81763 81843
157 224 87350 87417
224 361 90226 90363
361 447 105956 106042
447 631 108514 108698
631 771 111853 111993
771 855 116544 116628
855 945 117818 117908
945 1004 119955 120014
1004 1165 122302 122463
1165 1280 124500 124615
1280 1402 125593 125715
1402 1503 131338 131439
1503 1584 137075 137156

>ENSMUST00000027066
0 124 7342 7466
124 202 27037 27115
202 272 35632 35702
272 415 36028 36171
415 553 39393 39531
553 636 57133 57216
636 823 57621 57808
823 963 78683 78823
963 1047 80659 80743
1047 1137 101251 101341
1137 1196 125551 125610
1196 1357 125726 125887
1357 1472 126740 126855
1472 1594 126957 127079
1594 1695 130655 130756
1695 1776 139239 139320

>ENSCAFT00020034687
0 14 0 14
14 94 3877 3957
94 161 8912 8979
161 298 11837 11974
298 436 18364 18502
436 522 24928 25014
522 706 28648 28832
706 846 30674 30814
846 930 35804 35888
930 1020 37321 37411
1020 1079 39661 39720
1079 1240 41971 42132
1240 1355 44681 44796
1355 1477 45851 45973
1477 1578 53587 53688
1578 1659 55571 55652

>ENSCAFT00020034698
0 17 1312 1329
17 97 3877 3957
97 164 8912 8979
164 301 11837 11974
301 387 24928 25014
387 571 28648 28832
571 711 30674 30814
711 795 35804 35888
795 885 37321 37411
885 944 39661 39720
944 1105 41971 42132
1105 1220 44681 44796
1220 1342 45851 45973
1342 1443 53587 53688
1443 1524 55571 55652

>ENSMUST00000063433
0 91 69764 69855
91 137 87805 87851
137 280 90517 90660
280 397 92587 92704
397 465 118473 118541
465 643 120919 121097
643 786 129642 129785
786 870 136521 136605
870 960 159409 159499
960 1019 166872 166931
1019 1180 168665 168826
1180 1295 171183 171298
1295 1417 172005 172127
1417 1518 174193 174294
1518 1599 176002 176083

>ENST00000388742
0 124 237120 237244
124 202 257851 257929
202 272 269757 269827
272 418 270146 270292
418 556 274336 274474
556 639 292305 292388
639 826 292792 292979
826 966 320128 320268
966 1050 322202 322286
1050 1140 347333 347423
1140 1199 375002 375061
1199 1360 375173 375334
1360 1475 376297 376412
1475 1597 376517 376639
1597 1698 380769 380870
1698 1779 392605 392686

>ENSBTAT00000017737
0 109 9 118
109 152 15800 15843
152 295 19697 19840
295 412 25213 25330
412 480 76555 76623
480 658 78090 78268
658 801 84353 84496
801 885 93982 94066
885 975 134926 135016
975 1034 153561 153620
1034 1195 159147 159308
1195 1310 161916 162031
1310 1432 162989 163111
1432 1533 165407 165508
1533 1614 176116 176197

>ENST00000373871
0 33 30611 30644
33 77 40211 40255
77 157 45987 46067
157 224 49732 49799
224 361 52957 53094
361 499 60711 60849
499 585 71398 71484
585 769 75343 75527
769 909 77551 77691
909 993 84218 84302
993 1083 88588 88678
1083 1142 91259 91318
1142 1303 95077 95238
1303 1418 98826 98941
1418 1540 99981 100103
1540 1641 110163 110264
1641 1722 114091 114172

>ENST00000419131
0 124 237120 237244
124 202 257851 257929
202 272 269757 269827
272 418 270146 270292
418 541 274351 274474
541 624 292305 292388
624 811 292792 292979
811 951 320128 320268
951 1035 322202 322286
1035 1094 375002 375061
1094 1255 375173 375334
1255 1370 376297 376412
1370 1492 376517 376639
1492 1593 380769 380870
1593 1674 392605 392686

>ENSMUST00000079157
0 29 22923 22952
29 109 28168 28248
109 176 31202 31269
176 313 33909 34046
313 399 50718 50804
399 583 53975 54159
583 720 55760 55897
720 804 60043 60127
804 894 62034 62124
894 953 65365 65424
953 1114 67976 68137
1114 1229 70958 71073
1229 1351 72855 72977
1351 1452 80225 80326
1452 1533 82292 82373

>ENST00000388743
0 124 237120 237244
124 202 257851 257929
202 272 269757 269827
272 415 270149 270292
415 553 274336 274474
553 636 292305 292388
636 823 292792 292979
823 963 320128 320268
963 1047 322202 322286
1047 1137 347333 347423
1137 1196 375002 375061
1196 1357 375173 375334
1357 1472 376297 376412
1472 1594 376517 376639
1594 1695 380769 380870
1695 1776 392605 392686

>ENST00000388741
0 25 235539 235564
25 103 257851 257929
103 173 269757 269827
173 316 270149 270292
316 454 274336 274474
454 537 292305 292388
537 724 292792 292979
724 864 320128 320268
864 948 322202 322286
948 1038 347333 347423
1038 1097 375002 375061
1097 1258 375173 375334
1258 1373 376297 376412
1373 1495 376517 376639
1495 1596 380769 380870
1596 1677 392605 392686

>ENSMUST00000168081
0 124 7342 7466
124 202 27037 27115
202 272 35632 35702
272 418 36025 36171
418 541 39408 39531
541 624 57133 57216
624 811 57621 57808
811 951 78683 78823
951 1035 80659 80743
1035 1125 101251 101341
1125 1184 125551 125610
1184 1345 125726 125887
1345 1460 126740 126855
1460 1582 126957 127079
1582 1683 130655 130756
1683 1764 139239 139320

>ENSBTAT00000029290
0 33 78905 78938
33 83 205345 205395
83 208 287388 287513
208 277 289602 289671
277 370 297274 297367
370 437 302579 302646
437 580 304150 304293
580 724 304470 304614
724 804 306328 306408
804 988 308465 308649
988 1125 315521 315658
1125 1209 319322 319406
1209 1299 345104 345194
1299 1358 351159 351218
1358 1519 351325 351486
1519 1634 353981 354096
1634 1756 356047 356169
1756 1857 358605 358706
1857 1938 362377 362458

>ENSBTAT00000081308
0 33 67637 67670
33 77 77550 77594
77 157 81763 81843
157 224 87350 87417
224 361 90226 90363
361 499 99424 99562
499 585 105956 106042
585 769 108514 108698
769 909 111853 111993
909 993 116544 116628
993 1083 117818 117908
1083 1142 119955 120014
1142 1303 122302 122463
1303 1418 124500 124615
1418 1540 125593 125715
1540 1641 131338 131439
1641 1722 137075 137156

>ENSBTAT00000066910
0 33 78905 78938
33 83 205345 205395
83 208 287388 287513
208 277 289602 289671
277 370 297274 297367
370 437 302579 302646
437 580 304150 304293
580 724 304470 304614
724 804 306328 306408
804 988 308465 308649
988 1125 315521 315658
1125 1209 319322 319406
1209 1299 345104 345194
1299 1358 351159 351218
1358 1519 351325 351486
1519 1634 353981 354096
1634 1756 356047 356169
1756 1857 358605 358706
1857 1938 362377 362458

>ENST00000645793
0 124 237120 237244
124 202 257851 257929
202 272 269757 269827
272 418 270146 270292
418 556 274336 274474
556 639 292305 292388
639 826 292792 292979
826 966 320128 320268
966 1050 322202 322286
1050 1140 347333 347423
1140 1199 375002 375061
1199 1360 375173 375334
1360 1475 376297 376412
1475 1597 376517 376639
1597 1698 380769 380870
1698 1779 392605 392686

>ENSCAFT00000045886
0 127 173695 173822
127 194 188241 188308
194 337 189703 189846
337 481 189985 190129
481 561 192675 192755
561 745 196254 196438
745 882 204737 204874
882 966 206338 206422
966 1056 220275 220365
1056 1115 225766 225825
1115 1285 225923 226093
1285 1400 229139 229254
1400 1522 233392 233514
1522 1623 235447 235548
1623 1644 235587 235608

>ENSGALT00000052286
0 124 69065 69189
124 211 83036 83123
211 281 85016 85086
281 427 85470 85616
427 565 89808 89946
565 648 96354 96437
648 835 96863 97050
835 978 106918 107061
978 1062 108250 108334
1062 1152 114479 114569
1152 1211 136556 136615
1211 1372 136810 136971
1372 1487 137149 137264
1487 1609 137570 137692
1609 1710 139604 139705
1710 1734 140934 140958

>ENSGALT00000076729
0 33 0 33
33 83 67625 67675
83 211 69061 69189
211 281 85016 85086
281 427 85470 85616
427 565 89808 89946
565 648 96354 96437
648 835 96863 97050
835 978 106918 107061
978 1062 108250 108334
1062 1152 114479 114569
1152 1211 136556 136615
1211 1372 136810 136971
1372 1487 137149 137264
1487 1609 137570 137692
1609 1710 139604 139705
1710 1791 148057 148138

>ENST00000340726
0 124 237120 237244
124 202 257851 257929
202 272 269757 269827
272 418 270146 270292
418 556 274336 274474
556 639 292305 292388
639 826 292792 292979
826 966 320128 320268
966 1050 322202 322286
1050 1140 347333 347423
1140 1199 375002 375061
1199 1360 375173 375334
1360 1475 376297 376412
1475 1597 376517 376639
1597 1698 380769 380870
1698 1779 392605 392686

>ENST00000493349
0 62 292917 292979
62 202 320128 320268
202 286 322202 322286
286 376 347333 347423
376 445 366720 366789

>ENSCAFT00020022101
0 154 110 264
154 200 14998 15044
200 343 18630 18773
343 460 25624 25741
460 528 80633 80701
528 706 82704 82882
706 849 93985 94128
849 933 100341 100425
933 1023 134619 134709
1023 1082 158095 158154
1082 1243 163348 163509
1243 1358 167399 167514
1358 1480 168504 168626
1480 1581 174132 174233
1581 1662 180608 180689

>ENSCAFT00000000314
0 127 173695 173822
127 196 175155 175224
196 270 176075 176149
270 275 181962 181967
275 289 185141 185155
289 356 188241 188308
356 499 189703 189846
499 643 189985 190129
643 723 192675 192755
723 907 196254 196438
907 1044 204737 204874
1044 1128 206338 206422
1128 1218 220275 220365
1218 1277 225766 225825
1277 1447 225923 226093
1447 1562 229139 229254
1562 1684 233392 233514
1684 1785 235587 235688
1785 1866 239261 239342

>ENSBTAT00000080870
0 33 78905 78938
33 83 205345 205395
83 208 287388 287513
208 301 297274 297367
301 368 302579 302646
368 511 304150 304293
511 655 304470 304614
655 735 306328 306408
735 919 308465 308649
919 1056 315521 315658
1056 1140 319322 319406
1140 1230 345104 345194
1230 1289 351159 351218
1289 1450 351325 351486
1450 1565 353981 354096
1565 1687 356047 356169
1687 1788 358466 358567
1788 1869 362377 362458

>ENST00000373864
0 31 49768 49799
31 117 71398 71484
117 301 75343 75527
301 438 77554 77691
438 522 84218 84302
522 612 88588 88678
612 671 91259 91318
671 832 95077 95238
832 947 98826 98941
947 1069 99981 100103
1069 1170 110163 110264
1170 1251 114091 114172

>ENSCAFT00020032136
0 121 0 121
121 188 14340 14407
188 331 15839 15982
331 475 16121 16265
475 555 18602 18682
555 739 22184 22368
739 876 30659 30796
876 960 32258 32342
960 1050 46186 46276
1050 1109 51675 51734
1109 1270 51841 52002
1270 1385 54834 54949
1385 1507 59091 59213
1507 1623 61143 61259

>ENST00000611592
0 109 95387 95496
109 155 106804 106850
155 298 110318 110461
298 415 121557 121674
415 483 177561 177629
483 661 179534 179712
661 804 194615 194758
804 888 202461 202545
888 947 274515 274574
947 1108 278083 278244
1108 1223 285174 285289
1223 1345 286191 286313
1345 1446 288667 288768
1446 1527 293429 293510

>ENST00000465115
0 124 237120 237244
124 202 257851 257929
202 272 269757 269827
272 351 270213 270292
351 474 274351 274474
474 557 292305 292388
557 639 292792 292874

>ENSMUST00000185453
0 124 7342 7466
124 202 27037 27115
202 272 35632 35702
272 418 36025 36171
418 557 39393 39532

>ENST00000388740
0 25 235539 235564
25 103 257851 257929
103 173 269757 269827
173 319 270146 270292
319 457 274336 274474
457 540 292305 292388
540 727 292792 292979
727 867 320128 320268
867 951 322202 322286
951 1041 347333 347423
1041 1100 375002 375061
1100 1261 375173 375334
1261 1376 376297 376412
1376 1498 376517 376639
1498 1599 380769 380870
1599 1680 392605 392686

>ENST00000458636
0 14 106836 106850
14 157 110318 110461
157 274 121557 121674
274 417 194615 194758
417 501 202461 202545
501 595 248435 248529

>ENST00000373863
0 33 30611 30644
33 77 40211 40255
77 157 45987 46067
157 224 49732 49799
224 361 52957 53094
361 447 71398 71484
447 631 75343 75527
631 771 77551 77691
771 855 84218 84302
855 945 88588 88678
945 1004 91259 91318
1004 1165 95077 95238
1165 1280 98826 98941
1280 1402 99981 100103
1402 1503 110163 110264
1503 1611 111248 111356

>ENST00000644229
0 33 56249 56282
33 83 235514 235564
83 211 237116 237244
211 289 257851 257929
289 359 269757 269827
359 505 270146 270292
505 628 274351 274474
628 711 292305 292388
711 898 292792 292979
898 1038 320128 320268
1038 1122 322202 322286
1122 1181 375002 375061
1181 1342 375173 375334
1342 1457 376297 376412
1457 1579 376517 376639
1579 1680 380769 380870
1680 1761 392605 392686

>ENSMUST00000081726
0 33 17769 17802
33 77 22908 22952
77 157 28168 28248
157 224 31202 31269
224 361 33909 34046
361 447 50718 50804
447 631 53975 54159
631 768 55760 55897
768 852 60043 60127
852 942 62034 62124
942 1001 65365 65424
1001 1162 67976 68137
1162 1277 70958 71073
1277 1399 72855 72977
1399 1500 80225 80326
1500 1581 82292 82373

>ENSCAFT00020025986
0 83 0 83
83 211 1617 1745
211 289 23875 23953
289 359 34987 35057
359 505 35379 35525
505 628 39201 39324
628 711 56450 56533
711 898 56927 57114
898 1038 85994 86134
1038 1122 87452 87536
1122 1181 141526 141585
1181 1342 141698 141859
1342 1457 142825 142940
1457 1579 143065 143187
1579 1680 147799 147900
1680 1761 163935 164016

>ENST00000355286
0 33 34183 34216
33 83 141794 141844
83 208 206032 206157
208 277 207513 207582
277 370 215958 216051
370 437 220516 220583
437 580 221737 221880
580 724 222023 222167
724 804 224181 224261
804 970 227968 228134
970 1107 240865 241002
1107 1191 242434 242518
1191 1281 265508 265598
1281 1340 272123 272182
1340 1501 272280 272441
1501 1616 274723 274838
1616 1738 282458 282580
1738 1839 284556 284657
1839 1920 288127 288208

>ENSGALT00000001127
0 33 15053 15086
33 77 17240 17284
77 157 19139 19219
157 224 20652 20719
224 367 21360 21503
367 505 26127 26265
505 588 31728 31811
588 772 33274 33458
772 912 35334 35474
912 996 36811 36895
996 1086 37063 37153
1086 1145 38257 38316
1145 1306 39117 39278
1306 1421 40388 40503
1421 1543 40887 41009
1543 1644 41280 41381
1644 1725 42206 42287

>ENSBTAT00000081630
0 12 75765 75777
12 56 77550 77594
56 136 81763 81843
136 203 87350 87417
203 340 90226 90363
340 478 99424 99562
478 564 105956 106042
564 748 108514 108698
748 888 111853 111993
888 972 116544 116628
972 1062 117818 117908
1062 1121 119955 120014
1121 1282 122302 122463
1282 1397 124500 124615
1397 1519 125593 125715
1519 1620 131338 131439
1620 1701 137075 137156

>ENSGALT00000090514
0 33 15053 15086
33 77 17240 17284
77 157 19139 19219
157 224 20652 20719
224 367 21360 21503
367 450 31728 31811
450 634 33274 33458
634 774 35334 35474
774 858 36811 36895
858 948 37063 37153
948 1007 38257 38316
1007 1168 39117 39278
1168 1283 40388 40503
1283 1405 40887 41009
1405 1506 41280 41381
1506 1587 42206 42287

>ENSBTAT00000069604
0 33 67637 67670
33 77 77550 77594
77 157 81763 81843
157 224 87350 87417
224 361 90226 90363
361 499 99424 99562
499 585 105956 106042
585 769 108514 108698
769 909 111853 111993
909 999 117818 117908
999 1058 119955 120014
1058 1219 122302 122463
1219 1334 124500 124615
1334 1456 125593 125715
1456 1557 131338 131439
1557 1638 137075 137156

>ENST00000525849
0 33 34183 34216
33 83 141794 141844
83 208 206032 206157
208 301 215958 216051
301 368 220516 220583
368 511 221737 221880
511 655 222023 222167
655 735 224181 224261
735 901 227968 228134
901 1038 240865 241002
1038 1122 242434 242518
1122 1212 265508 265598
1212 1271 272123 272182
1271 1432 272280 272441
1432 1547 274723 274838
1547 1669 282458 282580
1669 1770 284417 284518
1770 1851 288127 288208

>ENSCAFT00000018974
0 33 35048 35081
33 77 43029 43073
77 157 48166 48246
157 224 53204 53271
224 361 56126 56263
361 499 62654 62792
499 585 69215 69301
585 769 72695 72879
769 909 74721 74861
909 993 79852 79936
993 1083 81369 81459
1083 1142 83709 83768
1142 1303 86018 86179
1303 1418 88728 88843
1418 1540 89898 90020
1540 1641 98234 98335
1641 1722 100217 100298

>ENST00000642391
0 124 237120 237244
124 202 257851 257929
202 233 268039 268070
233 249 269757 269773

>ENSGALT00000050872
0 281 0 281
281 400 38262 38381
400 449 43121 43170
449 592 43779 43922
592 709 46755 46872
709 777 60519 60587
777 955 62444 62622
955 1083 64211 64339
1083 1167 64837 64921
1167 1257 77545 77635
1257 1316 84200 84259
1316 1477 85879 86040
1477 1592 87046 87161
1592 1714 87759 87881
1714 1815 88667 88768
1815 1896 92117 92198

>ENSBTAT00000075959
0 33 67637 67670
33 77 77550 77594
77 157 81763 81843
157 224 87350 87417
224 361 90226 90363
361 499 99424 99562
499 585 105956 106042
585 769 108514 108698
769 909 111853 111993
909 993 116544 116628
993 1083 117818 117908
1083 1142 119955 120014
1142 1303 122302 122463
1303 1418 124500 124615
1418 1540 125593 125715
1540 1641 131338 131439
1641 1722 137075 137156

>ENSMUST00000088132
0 91 69764 69855
91 137 87805 87851
137 280 90517 90660
280 397 92587 92704
397 465 118473 118541
465 643 120919 121097
643 786 129642 129785
786 870 136521 136605
870 960 159409 159499
960 1019 166872 166931
1019 1180 168665 168826
1180 1295 171183 171298
1295 1417 172005 172127
1417 1518 174193 174294
1518 1599 176002 176083

>ENSGALT00000102024
0 124 69065 69189
124 211 83036 83123
211 281 85016 85086
281 427 85470 85616
427 565 89808 89946
565 648 96354 96437
648 835 96863 97050
835 978 106918 107061
978 1062 108250 108334
1062 1152 114479 114569
1152 1211 136556 136615
1211 1372 136810 136971
1372 1487 137149 137264
1487 1609 137570 137692
1609 1710 139604 139705
1710 1791 148057 148138

>ENSGALT00000074711
0 124 69065 69189
124 187 70992 71055
187 274 83036 83123
274 344 85016 85086
344 490 85470 85616
490 628 89808 89946
628 711 96354 96437
711 898 96863 97050
898 1041 106918 107061
1041 1125 108250 108334
1125 1215 114479 114569
1215 1274 136556 136615
1274 1435 136810 136971
1435 1550 137149 137264
1550 1672 137570 137692
1672 1773 139604 139705
1773 1854 148057 148138

>ENSBTAT00000086434
0 125 9 134
125 268 19697 19840
268 385 25213 25330
385 453 76555 76623
453 631 78090 78268
631 774 84353 84496
774 858 93982 94066
858 948 134926 135016
948 1007 153561 153620
1007 1168 159147 159308
1168 1283 161916 162031
1283 1405 162989 163111
1405 1506 165407 165508
1506 1587 176116 176197

>ENST00000436342
0 65 49734 49799
65 202 52957 53094
202 340 60711 60849
340 426 71398 71484
426 610 75343 75527
610 750 77551 77691
750 834 84218 84302
834 924 88588 88678
924 983 91259 91318
983 1144 95077 95238
1144 1259 98826 98941
1259 1381 99981 100103
1381 1482 110163 110264
1482 1563 114091 114172

>ENST00000531901
0 33 34183 34216
33 83 141794 141844
83 208 206032 206157
208 277 207513 207582
277 370 215958 216051
370 437 220516 220583
437 580 221737 221880
580 724 222023 222167
724 804 224181 224261
804 988 227968 228152
988 1125 240865 241002
1125 1209 242434 242518
1209 1299 265508 265598
1299 1358 272123 272182
1358 1519 272280 272441
1519 1634 274723 274838
1634 1756 282458 282580
1756 1857 284556 284657
1857 1938 288127 288208

>ENSCAFT00020025982
0 83 0 83
83 211 1617 1745
211 289 23875 23953
289 359 34987 35057
359 505 35379 35525
505 643 39186 39324
643 726 56450 56533
726 913 56927 57114
913 1053 85994 86134
1053 1137 87452 87536
1137 1227 111940 112030
1227 1286 141526 141585
1286 1447 141698 141859
1447 1562 142825 142940
1562 1684 143065 143187
1684 1785 147799 147900
1785 1866 163935 164016

>ENSGALT00000049593
0 33 0 33
33 83 67625 67675
83 211 69061 69189
211 298 83036 83123
298 368 85016 85086
368 514 85470 85616
514 652 89808 89946
652 735 96354 96437
735 922 96863 97050
922 1065 106918 107061
1065 1149 108250 108334
1149 1239 114479 114569
1239 1298 136556 136615
1298 1459 136810 136971
1459 1574 137149 137264
1574 1696 137570 137692
1696 1797 139604 139705
1797 1878 148057 148138

>ENSCAFT00000046541
0 33 66 99
33 83 109753 109803
83 208 173697 173822
208 275 188241 188308
275 418 189703 189846
418 562 189985 190129
562 642 192675 192755
642 808 196254 196420
808 945 204737 204874
945 1029 206338 206422
1029 1119 220275 220365
1119 1178 225766 225825
1178 1339 225932 226093
1339 1454 229139 229254
1454 1576 233392 233514
1576 1677 235447 235548
1677 1758 239261 239342

>ENST00000647540
0 124 237120 237244
124 202 257851 257929
202 272 269757 269827
272 418 270146 270292
418 556 274336 274474
556 639 292305 292388
639 826 292792 292979
826 966 320128 320268
966 1050 322202 322286
1050 1140 347333 347423
1140 1199 375002 375061
1199 1360 375173 375334
1360 1475 376297 376412
1475 1597 376517 376639
1597 1698 380769 380870
1698 1779 392605 392686

>ENSMUST00000180250
0 31 31238 31269
31 117 50718 50804
117 301 53975 54159
301 438 55760 55897
438 522 60043 60127
522 612 62034 62124
612 671 65365 65424
671 832 67976 68137
832 947 70958 71073
947 1069 72855 72977
1069 1170 80225 80326
1170 1251 82292 82373

>ENSCAFT00020032133
0 121 0 121
121 214 9723 9816
214 281 14340 14407
281 424 15839 15982
424 568 16121 16265
568 648 18602 18682
648 814 22184 22350
814 951 30659 30796
951 1035 32258 32342
1035 1125 46186 46276
1125 1184 51675 51734
1184 1345 51841 52002
1345 1460 54834 54949
1460 1582 59091 59213
1582 1683 61143 61244
1683 1764 64963 65044

>ENST00000327619
0 109 95387 95496
109 155 106804 106850
155 298 110318 110461
298 415 121557 121674
415 483 177561 177629
483 661 179534 179712
661 804 194615 194758
804 888 202461 202545
888 978 248435 248525
978 1037 274515 274574
1037 1198 278083 278244
1198 1313 285174 285289
1313 1435 286191 286313
1435 1536 288667 288768
1536 1617 293429 293510

>ENST00000431403
0 33 34183 34216
33 83 141794 141844
83 208 206032 206157
208 301 215958 216051
301 368 220516 220583
368 511 221737 221880
511 655 222023 222167
655 735 224181 224261
735 901 227968 228134
901 1038 240865 241002
1038 1122 242434 242518
1122 1212 265508 265598
1212 1271 272123 272182
1271 1432 272280 272441
1432 1547 274723 274838
1547 1669 282458 282580
1669 1770 284556 284657
1770 1851 288127 288208

>ENSCAFT00020034705
0 35 23496 23531
35 114 24935 25014
114 298 28648 28832
298 435 30677 30814
435 519 35804 35888
519 609 37321 37411
609 668 39661 39720
668 829 41971 42132
829 944 44681 44796
944 1066 45851 45973
1066 1167 53587 53688
1167 1248 55571 55652

>ENSBTAT00000074020
0 45 72930 72975
45 89 77550 77594
89 169 81763 81843
169 236 87350 87417
236 373 90226 90363
373 511 99424 99562
511 597 105956 106042
597 781 108514 108698
781 921 111853 111993
921 1005 116544 116628
1005 1095 117818 117908
1095 1154 119955 120014
1154 1315 122302 122463
1315 1430 124500 124615
1430 1552 125593 125715
1552 1653 131338 131439
1653 1734 137075 137156

>ENSBTAT00000073901
0 33 78905 78938
33 83 205345 205395
83 208 287388 287513
208 277 289602 289671
277 370 297274 297367
370 437 302579 302646
437 580 304150 304293
580 724 304470 304614
724 804 306328 306408
804 970 308465 308631
970 1107 315521 315658
1107 1191 319322 319406
1191 1281 345104 345194
1281 1340 351159 351218
1340 1501 351325 351486
1501 1616 353981 354096
1616 1738 356047 356169
1738 1839 358605 358706
1839 1920 362377 362458

>ENSCAFT00000016995
0 154 82 236
154 200 14961 15007
200 343 18591 18734
343 460 25595 25712
460 528 81626 81694
528 706 83698 83876
706 849 94972 95115
849 933 101328 101412
933 1023 135842 135932
1023 1082 159088 159147
1082 1243 164155 164316
1243 1358 168183 168298
1358 1480 169288 169410
1480 1581 174920 175021
1581 1662 181417 181498

>ENST00000644712
0 33 56249 56282
33 83 235514 235564
83 211 237116 237244
211 289 257851 257929
289 359 269757 269827
359 502 270149 270292
502 625 274351 274474
625 708 292305 292388
708 895 292792 292979
895 1035 320128 320268
1035 1119 322202 322286
1119 1178 375002 375061
1178 1339 375173 375334
1339 1454 376297 376412
1454 1576 376517 376639
1576 1677 380769 380870
1677 1758 392605 392686

>ENSGALT00000100799
0 33 15053 15086
33 77 17240 17284
77 157 19139 19219
157 224 20652 20719
224 367 21360 21503
367 505 26127 26265
505 588 31728 31811
588 772 33274 33458
772 912 35334 35474
912 996 36811 36895
996 1086 37063 37153
1086 1145 38257 38316
1145 1306 39117 39278
1306 1421 40388 40503
1421 1543 40887 41009
1543 1644 41280 41381
1644 1725 42206 42287

>ENSMUST00000220299
0 33 27706 27739
33 83 123935 123985
83 208 177663 177788
208 301 187300 187393
301 368 191632 191699
368 511 193132 193275
511 655 193391 193535
655 735 194787 194867
735 901 198689 198855
901 1038 210689 210826
1038 1122 212512 212596
1122 1212 226845 226935
1212 1271 233908 233967
1271 1432 234073 234234
1432 1547 236762 236877
1547 1669 239105 239227
1669 1770 240715 240816
1770 1851 244498 244579

>ENSMUST00000190337
0 124 7342 7466
124 202 27037 27115
202 272 35632 35702
272 415 36028 36171
415 553 39393 39531
553 636 57133 57216
636 823 57621 57808
823 963 78683 78823
963 1047 80659 80743
1047 1137 101251 101341
1137 1196 125551 125610
1196 1357 125726 125887
1357 1472 126740 126855
1472 1594 126957 127079
1594 1695 130655 130756
1695 1776 139239 139320

>ENSMUST00000020197
0 31 31238 31269
31 117 50718 50804
117 301 53975 54159
301 438 55760 55897
438 522 60043 60127
522 612 62034 62124
612 671 65365 65424
671 832 67976 68137
832 947 70958 71073
947 1069 72855 72977
1069 1170 80225 80326
1170 1251 82292 82373

>ENSGALT00000048760
0 33 20408 20441
33 83 80614 80664
83 208 101160 101285
208 301 107787 107880
301 368 114159 114226
368 511 116151 116294
511 655 116440 116584
655 735 117460 117540
735 919 117883 118067
919 1056 126045 126182
1056 1140 127533 127617
1140 1230 136070 136160
1230 1289 144006 144065
1289 1450 144170 144331
1450 1565 146330 146445
1565 1687 148210 148332
1687 1788 150133 150234
1788 1869 152026 152107

>ENSMUST00000188857
0 25 5786 5811
25 103 27037 27115
103 173 35632 35702
173 319 36025 36171
319 457 39393 39531
457 540 57133 57216
540 558 57621 57639

>ENSGALT00000076788
0 124 69065 69189
124 211 83036 83123
211 281 85016 85086
281 427 85470 85616
427 565 89808 89946
565 648 96354 96437
648 835 96863 97050
835 978 106918 107061
978 1062 108250 108334
1062 1152 114479 114569
1152 1211 136556 136615
1211 1372 136810 136971
1372 1487 137149 137264
1487 1609 137570 137692
1609 1659 138308 138358

>ENST00000430974
0 33 34183 34216
33 83 141794 141844
83 208 206032 206157
208 275 220516 220583
275 418 221737 221880
418 562 222023 222167
562 642 224181 224261
642 826 227968 228152
826 963 240865 241002
963 1047 242434 242518
1047 1137 265508 265598
1137 1196 272123 272182
1196 1357 272280 272441
1357 1472 274723 274838
1472 1594 282458 282580
1594 1695 284417 284518
1695 1713 290611 290629

>ENSMUST00000080664
0 25 5786 5811
25 103 27037 27115
103 173 35632 35702
173 316 36028 36171
316 454 39393 39531
454 537 57133 57216
537 724 57621 57808
724 864 78683 78823
864 948 80659 80743
948 1038 101251 101341
1038 1097 125551 125610
1097 1258 125726 125887
1258 1373 126740 126855
1373 1495 126957 127079
1495 1596 130655 130756
1596 1677 139239 139320

>ENSBTAT00000066861
0 33 78905 78938
33 83 205345 205395
83 208 287388 287513
208 275 302579 302646
275 418 304150 304293
418 562 304470 304614
562 642 306328 306408
642 826 308465 308649
826 963 315521 315658
963 1047 319322 319406
1047 1137 345104 345194
1137 1196 351159 351218
1196 1357 351325 351486
1357 1472 353981 354096
1472 1594 356047 356169
1594 1695 358466 358567
1695 1776 362377 362458

>ENSMUST00000135299
0 33 17769 17802
33 77 22908 22952
77 157 28168 28248
157 224 31202 31269
224 361 33909 34046
361 499 41769 41907
499 585 50718 50804
585 769 53975 54159
769 909 55760 55900

>ENSGALT00000075673
0 121 101164 101285
121 190 102410 102479
190 283 107787 107880
283 350 114159 114226
350 493 116151 116294
493 637 116440 116584
637 717 117460 117540
717 901 117883 118067
901 1038 126045 126182
1038 1122 127533 127617
1122 1212 136070 136160
1212 1271 144006 144065
1271 1432 144170 144331
1432 1547 146330 146445
1547 1669 148210 148332
1669 1770 150133 150234
1770 1851 152026 152107

>ENSBTAT00000087085
0 115 173335 173450
115 193 200115 200193
193 263 211509 211579
263 409 211904 212050
409 547 215777 215915
547 630 237763 237846
630 817 238245 238432
817 957 273339 273479
957 1041 274922 275006
1041 1131 312452 312542
1131 1190 341748 341807
1190 1351 341903 342064
1351 1466 343177 343292
1466 1588 343402 343524
1588 1689 347344 347445
1689 1770 358221 358302

>ENSMUST00000218049
0 121 177667 177788
121 214 187300 187393
214 226 191632 191644

>ENSMUST00000189526
0 80 78743 78823
80 164 80659 80743
164 254 101251 101341
254 356 102134 102236

>ENST00000452339
0 33 34183 34216
33 83 141794 141844
83 208 206032 206157
208 275 220516 220583
275 418 221737 221880
418 562 222023 222167
562 642 224181 224261
642 808 227968 228134
808 945 240865 241002
945 1029 242434 242518
1029 1119 265508 265598
1119 1178 272123 272182
1178 1339 272280 272441
1339 1454 274723 274838
1454 1576 282458 282580
1576 1677 284417 284518
1677 1758 288127 288208

>ENST00000357410
0 109 95387 95496
109 155 106804 106850
155 298 110318 110461
298 415 121557 121674
415 483 177561 177629
483 661 179534 179712
661 804 194615 194758
804 888 202461 202545
888 978 248435 248525
978 1037 274515 274574
1037 1198 278083 278244
1198 1299 288667 288768
1299 1380 293429 293510

