>ENSBTAT00000001534
0 174 10165 10339
174 237 13194 13257
237 312 15514 15589
312 493 15797 15978
493 513 16639 16659
513 621 17783 17891
621 666 18260 18305
666 816 18862 19012
816 955 20479 20618
955 1116 21276 21437
1116 1193 22520 22597
1193 1443 23372 23622
1443 1691 23997 24245
1691 1839 24365 24513
1839 1990 26105 26256
1990 2067 27786 27863
2067 2175 29591 29699

>ENSCAFT00020036354
0 24 1599 1623
24 122 2358 2456
122 186 3550 3614
186 231 4805 4850
231 306 37010 37085
306 511 73892 74097
511 816 125830 126135
816 893 126599 126676
893 1143 135392 135642
1143 1391 136724 136972
1391 1539 139011 139159
1539 1690 139607 139758
1690 1767 140114 140191
1767 1875 142208 142316

>ENSCAFT00020026705
0 24 158 182
24 122 261 359
122 186 798 862
186 231 1263 1308
231 294 3673 3736
294 369 5840 5915
369 550 6149 6330
550 570 6685 6705
570 678 7826 7934
678 723 9115 9160
723 873 9622 9772
873 1012 11222 11361
1012 1173 12120 12281
1173 1250 13262 13339
1250 1500 14012 14262
1500 1748 14656 14904
1748 1896 15005 15153
1896 2047 16700 16851
2047 2124 17381 17458
2124 2232 19001 19109

>ENST00000559929
0 24 1378 1402
24 125 1915 2016
125 189 2535 2599
189 234 3600 3645
234 297 22018 22081
297 402 23569 23674
402 607 31958 32163
607 624 33706 33723
624 744 37527 37647
744 795 38716 38767
795 948 39361 39514
948 1090 39885 40027
1090 1290 40518 40718
1290 1367 41802 41879
1367 1617 42878 43128
1617 1865 43491 43739
1865 2013 44802 44950
2013 2164 45652 45803
2164 2241 46709 46786
2241 2349 47972 48080

>ENST00000221561
0 228 180 408
228 326 1850 1948
326 390 5365 5429
390 435 6751 6796
435 498 7381 7444
498 573 8913 8988
573 795 9067 9289

>ENST00000561453
0 24 1378 1402
24 125 1915 2016
125 189 2535 2599
189 234 3600 3645
234 297 22018 22081
297 372 23569 23644
372 577 31958 32163
577 594 33706 33723
594 714 37527 37647
714 765 38716 38767
765 918 39361 39514
918 1060 39885 40027
1060 1245 40518 40703
1245 1322 41802 41879
1322 1347 42880 42905

>ENSCAFT00000046938
0 3 36 39
3 48 994 1039
48 111 19405 19468
111 186 20980 21055
186 391 29152 29357
391 408 31064 31081
408 528 34511 34631
528 579 35392 35443
579 732 36056 36209
732 865 36607 36740
865 1065 37313 37513
1065 1142 38253 38330
1142 1392 39050 39300
1392 1640 39589 39837
1640 1788 40590 40738
1788 1939 41517 41668
1939 2016 42422 42499
2016 2124 43510 43618

>ENSBTAT00000078486
0 45 0 45
45 132 611 698
132 300 23985 24153
300 507 31417 31624
507 627 37065 37185
627 678 38095 38146
678 831 38746 38899
831 964 39294 39427
964 1149 39989 40174
1149 1226 40764 40841
1226 1476 41620 41870
1476 1724 42230 42478
1724 1872 42991 43139
1872 2023 43990 44141
2023 2100 44992 45069
2100 2208 46060 46168

>ENSMUST00000034820
0 24 1072 1096
24 125 1587 1688
125 189 2149 2213
189 234 3163 3208
234 297 20837 20900
297 372 22242 22317
372 577 29487 29692
577 594 31086 31103
594 714 34988 35108
714 765 35914 35965
765 918 36400 36553
918 1051 36909 37042
1051 1236 37570 37755
1236 1313 38897 38974
1313 1563 39899 40149
1563 1811 40489 40737
1811 1959 41577 41725
1959 2110 42345 42496
2110 2187 43196 43273
2187 2295 44243 44351

>ENSCAFT00000002285
0 21 1390 1411
21 66 2601 2646
66 129 34792 34855
129 204 46918 46993
204 406 71673 71875
406 423 73128 73145
423 543 120089 120209
543 597 121211 121265
597 750 122188 122341
750 883 123558 123691
883 1077 123933 124127
1077 1154 124591 124668
1154 1404 133391 133641
1404 1652 134723 134971
1652 1800 137010 137158
1800 1951 137606 137757
1951 2028 138113 138190
2028 2136 140206 140314

>ENSMUST00000213641
0 171 157 328
171 281 7777 7887
281 304 7996 8019
304 363 8179 8238
363 576 8571 8784
576 818 8874 9116
818 960 9314 9456
960 1114 9600 9754
1114 1188 10092 10166
1188 1293 10451 10556

>ENST00000425506
0 39 1559 1598
39 137 1916 2014
137 201 3100 3164
201 246 4360 4405
246 309 40883 40946
309 384 55601 55676
384 589 80820 81025

>ENST00000440567
0 3 1497 1500
3 104 1915 2016
104 168 2535 2599
168 213 3600 3645
213 276 22018 22081
276 351 23569 23644
351 556 31958 32163
556 573 33706 33723
573 693 37527 37647
693 744 38716 38767
744 897 39361 39514
897 1030 39885 40018
1030 1230 40518 40718
1230 1307 41802 41879
1307 1557 42878 43128
1557 1805 43491 43739
1805 1953 44802 44950
1953 2104 45652 45803
2104 2181 46709 46786
2181 2289 47972 48080

>ENST00000455444
0 21 19296 19317
21 66 19762 19807
66 129 22553 22616
129 204 27862 27937
204 312 31875 31983
312 357 33021 33066
357 507 33817 33967
507 646 36475 36614
646 807 37933 38094
807 884 38690 38767
884 1134 40966 41216
1134 1382 41667 41915
1382 1530 42051 42199
1530 1681 45132 45283
1681 1758 46912 46989
1758 1866 49680 49788

>ENST00000586839
0 21 5408 5429
21 66 6751 6796
66 129 7381 7444
129 204 8913 8988
204 426 9067 9289

>ENSGALT00000100653
0 45 0 45
45 131 118 204
131 195 415 479
195 244 975 1024
244 330 4483 4569

>ENST00000558379
0 24 1378 1402
24 125 1915 2016
125 189 2535 2599
189 234 3600 3645
234 297 22018 22081
297 372 23569 23644
372 577 31958 32163
577 594 33706 33723
594 714 37527 37647
714 765 38716 38767
765 918 39361 39514
918 1060 39885 40027
1060 1245 40518 40703
1245 1322 41802 41879
1322 1572 42878 43128
1572 1820 43491 43739
1820 1968 44802 44950
1968 2119 45652 45803
2119 2196 46709 46786
2196 2304 47972 48080

>ENSBTAT00000000322
0 24 21 45
24 125 826 927
125 189 2365 2429
189 234 2542 2587
234 297 28693 28756
297 372 30321 30396
372 577 45602 45807
577 594 46557 46574
594 711 57921 58038
711 765 61474 61528
765 918 62022 62175
918 1063 63591 63736
1063 1254 64791 64982
1254 1331 66398 66475
1331 1581 82482 82732
1581 1829 84443 84691
1829 1977 88106 88254
1977 2128 89859 90010
2128 2205 90888 90965
2205 2313 91108 91216

>ENSBTAT00000083339
0 3 82 85
3 77 598 672
77 123 1071 1117
123 165 2859 2901
165 228 7421 7484
228 523 7574 7869
523 627 8424 8528
627 665 8618 8656
665 918 9006 9259
918 1169 9348 9599
1169 1311 10021 10163
1311 1462 10572 10723
1462 1539 11161 11238
1539 1644 11408 11513

>ENSCAFT00000027902
0 39 0 39
39 84 994 1039
84 147 19405 19468
147 222 20980 21055
222 444 29152 29374
444 564 34511 34631
564 615 35392 35443
615 768 36056 36209
768 910 36607 36749
910 1110 37313 37513
1110 1187 38253 38330
1187 1437 39050 39300
1437 1685 39589 39837
1685 1833 40590 40738
1833 1984 41517 41668
1984 2061 42422 42499
2061 2169 43510 43618

>ENST00000453329
0 51 696 747
51 134 2562 2645
134 180 4000 4046
180 222 4610 4652
222 285 9291 9354
285 467 9445 9627

>ENST00000482627
0 51 696 747
51 138 2562 2649

>ENST00000376499
0 24 1307 1331
24 125 2113 2214
125 189 3651 3715
189 234 3827 3872
234 297 35511 35574
297 372 37259 37334
372 577 55246 55451
577 594 56183 56200
594 711 68990 69107
711 765 72848 72902
765 918 73413 73566
918 1063 76026 76171
1063 1254 77588 77779
1254 1331 79251 79328
1331 1581 96273 96523
1581 1829 98495 98743
1829 1977 101719 101867
1977 2128 103892 104043
2128 2205 105023 105100
2205 2313 105242 105350

>ENST00000539550
0 36 3609 3645
36 99 22018 22081
99 204 23569 23674
204 409 31958 32163
409 426 33706 33723
426 546 37527 37647
546 597 38716 38767
597 750 39361 39514
750 856 39885 39991
856 1041 40518 40703
1041 1118 41802 41879
1118 1368 42878 43128
1368 1616 43491 43739
1616 1764 44802 44950
1764 1915 45652 45803
1915 1992 46709 46786
1992 2100 47972 48080

>ENSCAFT00020035346
0 24 0 24
24 125 827 928
125 189 2382 2446
189 234 2560 2605
234 297 26421 26484
297 372 28061 28136
372 577 40988 41193
577 594 41928 41945
594 711 54901 55018
711 765 58554 58608
765 918 59141 59294
918 1063 60399 60544
1063 1254 61550 61741
1254 1331 63386 63463
1331 1581 76765 77015
1581 1829 78925 79173
1829 1977 82271 82419
1977 2128 83838 83989
2128 2205 84920 84997
2205 2313 85138 85246

>ENST00000560525
0 24 1378 1402
24 125 1915 2016
125 189 2535 2599
189 234 3600 3645
234 297 22018 22081
297 372 23569 23644
372 577 31958 32163
577 594 33706 33723
594 714 37527 37647
714 765 38716 38767
765 918 39361 39514
918 1051 39885 40018
1051 1251 40518 40718
1251 1328 41802 41879
1328 1578 42878 43128
1578 1614 43496 43532

>ENSMUST00000131411
0 23 13438 13461
23 174 14248 14399
174 251 14859 14936
251 359 15664 15772

>ENST00000558939
0 24 1378 1402
24 125 1915 2016
125 189 2535 2599
189 234 3600 3645
234 297 22018 22081
297 372 23569 23644
372 577 31958 32163
577 594 33706 33723
594 714 37527 37647
714 765 38716 38767
765 918 39361 39514
918 1060 39885 40027
1060 1260 40518 40718
1260 1337 41802 41879
1337 1587 42878 43128
1587 1835 43491 43739
1835 1983 44802 44950
1983 2134 45652 45803
2134 2211 46709 46786
2211 2319 47972 48080

>ENSGALT00000032809
0 45 877 922
45 143 1130 1228
143 207 1817 1881
207 252 3243 3288
252 315 31490 31553
315 390 40146 40221
390 592 53580 53782
592 609 54174 54191
609 729 84381 84501
729 783 85066 85120
783 936 85781 85934
936 1069 87127 87260
1069 1263 87538 87732
1263 1340 87906 87983
1340 1590 91261 91511
1590 1838 92571 92819
1838 1986 93798 93946
1986 2137 94521 94672
2137 2214 94992 95069
2214 2322 96697 96805

>ENST00000426948
0 63 1847 1910
63 161 18832 18930
161 225 19253 19317
225 270 19762 19807
270 333 22553 22616
333 408 27862 27937
408 592 28169 28353
592 612 29776 29796
612 720 31875 31983
720 765 33021 33066
765 915 33817 33967
915 1054 36475 36614
1054 1215 37933 38094
1215 1292 38690 38767
1292 1542 40966 41216
1542 1790 41667 41915
1790 1938 42051 42199
1938 2089 45132 45283
2089 2121 49680 49712

>ENST00000587137
0 24 18731 18755
24 122 18832 18930
122 186 19253 19317
186 231 19762 19807
231 294 22553 22616
294 402 31875 31983
402 423 33021 33042

>ENSMUST00000162973
0 24 1072 1096
24 125 1587 1688
125 189 2149 2213
189 234 3163 3208
234 297 20837 20900
297 372 22242 22317
372 577 29487 29692
577 594 31086 31103
594 714 34988 35108
714 765 35914 35965
765 918 36400 36553
918 1060 36909 37051
1060 1260 37570 37770
1260 1337 38897 38974
1337 1587 39899 40149
1587 1835 40489 40737
1835 1983 41577 41725
1983 2134 42345 42496
2134 2211 43196 43273
2211 2319 44243 44351

>ENSBTAT00000073140
0 45 0 45
45 146 826 927
146 210 2365 2429
210 255 2542 2587
255 318 28693 28756
318 393 30321 30396
393 605 45602 45814
605 712 57923 58030
712 930 61957 62175
930 1075 63591 63736
1075 1263 64794 64982
1263 1340 66398 66475
1340 1590 82482 82732
1590 1838 84443 84691
1838 1986 88106 88254
1986 2137 89859 90010
2137 2214 90888 90965
2214 2322 91108 91216

>ENSBTAT00000079511
0 3 1319 1322
3 101 1771 1869
101 165 4155 4219
165 210 5520 5565
210 273 6196 6259
273 348 7482 7557
348 570 7639 7861

>ENST00000537387
0 63 23581 23644
63 120 31237 31294

>ENSMUST00000161194
0 21 2192 2213
21 66 3163 3208
66 129 20837 20900
129 162 22242 22275

>ENSBTAT00000069289
0 45 875 920
45 143 1753 1851
143 207 2933 2997
207 252 4207 4252
252 315 39517 39580
315 390 54165 54240
390 599 80141 80350
599 617 101241 101259
617 735 134206 134324
735 789 135293 135347
789 942 135840 135993
942 1075 137429 137562
1075 1269 137933 138127
1269 1346 138638 138715
1346 1596 146763 147013
1596 1844 148197 148445
1844 1992 149792 149940
1992 2143 150650 150801
2143 2220 151153 151230
2220 2328 153187 153295

>ENSMUST00000135211
0 24 1107 1131
24 122 1244 1342
122 186 1675 1739
186 231 2037 2082
231 294 3068 3131
294 336 5696 5738
336 520 5923 6107
520 540 6334 6354
540 651 7084 7195
651 696 7852 7897
696 846 8176 8326
846 985 10042 10181
985 1146 11652 11813
1146 1217 12297 12368
1217 1467 12531 12781
1467 1715 12992 13240
1715 1863 13313 13461
1863 2014 14248 14399
2014 2091 14859 14936
2091 2199 15664 15772

>ENSMUST00000160541
0 21 2192 2213
21 66 3163 3208
66 129 20837 20900
129 204 22242 22317
204 247 29487 29530

>ENST00000451782
0 24 1378 1402
24 125 1915 2016
125 189 2535 2599
189 234 3600 3645
234 297 22018 22081
297 372 23569 23644
372 577 31958 32163
577 594 33706 33723
594 714 37527 37647
714 765 38716 38767
765 918 39361 39514
918 1051 39885 40018
1051 1251 40518 40718
1251 1328 41802 41879
1328 1578 42878 43128
1578 1826 43491 43739
1826 1974 44802 44950
1974 2125 45652 45803
2125 2202 46709 46786
2202 2310 47972 48080

>ENST00000586742
0 184 224 408
184 282 1850 1948
282 346 5365 5429
346 391 6751 6796
391 454 7381 7444
454 793 8913 9252

>ENSGALT00000056704
0 80 0 80
80 330 267 517
330 578 794 1042
578 726 1173 1321
726 877 1406 1557
877 954 1667 1744
954 1062 1818 1926

>ENSMUST00000131794
0 24 1107 1131
24 55 1244 1275

>ENSGALT00000098702
0 308 0 308
308 372 1228 1292
372 417 1558 1603
417 480 3393 3456
480 555 3589 3664
555 748 4145 4338
748 765 4597 4614
765 870 4854 4959
870 915 5047 5092
915 1071 5201 5357
1071 1443 5728 6100
1443 1520 6168 6245
1520 1770 6432 6682
1770 2018 6964 7212
2018 2166 7321 7469
2166 2317 7556 7707
2317 2568 7817 8068

>ENSMUST00000142948
0 45 994 1039
45 107 1935 1997
107 153 2417 2463
153 564 4818 5229
564 640 5518 5594
640 693 5698 5751
693 731 5828 5866
731 990 6488 6747
990 1238 6831 7079
1238 1380 8219 8361
1380 1534 9034 9188
1534 1611 9737 9814
1611 1716 9934 10039

>ENSCAFT00000037347
0 207 1453 1660
207 449 1768 2010
449 591 2209 2351
591 745 2509 2663
745 822 3195 3272
822 927 3589 3694

>ENST00000443826
0 21 19296 19317
21 66 19762 19807
66 129 22553 22616
129 204 27862 27937
204 312 31875 31983
312 357 33021 33066
357 507 33817 33967
507 646 36475 36614
646 807 37933 38094
807 884 38690 38767
884 1134 40966 41216
1134 1382 41667 41915
1382 1530 42051 42199
1530 1681 45132 45283
1681 1758 46912 46989
1758 1866 49680 49788

>ENSMUST00000030095
0 24 914 938
24 125 1522 1623
125 189 2938 3002
189 234 3102 3147
234 297 30149 30212
297 402 31723 31828
402 607 42502 42707
607 624 43440 43457
624 735 55499 55610
735 789 59039 59093
789 942 59606 59759
942 1087 61086 61231
1087 1284 62231 62428
1284 1361 63761 63838
1361 1611 74482 74732
1611 1859 75900 76148
1859 2007 78428 78576
2007 2158 80629 80780
2158 2235 82352 82429
2235 2343 82528 82636

>ENSGALT00000092715
0 609 878 1487
609 707 1718 1816
707 771 2932 2996
771 816 4288 4333
816 879 5503 5566
879 954 6713 6788
954 1176 7281 7503

>ENST00000452088
0 172 9529 9701
172 189 9818 9835
189 256 10186 10253
256 333 10360 10437
333 371 10553 10591
371 624 11523 11776
624 875 11997 12248
875 1017 14305 14447
1017 1168 15894 16045
1168 1245 16481 16558
1245 1350 17362 17467

>ENST00000559048
0 143 1873 2016
143 207 2535 2599
207 252 3600 3645
252 315 22018 22081
315 390 23569 23644
390 592 31961 32163
592 609 33706 33723
609 729 37527 37647
729 780 38716 38767
780 933 39361 39514
933 1075 39885 40027
1075 1260 40518 40703
1260 1337 41802 41879
1337 1587 42878 43128
1587 1835 43491 43739
1835 1983 44802 44950
1983 2134 45652 45803
2134 2211 46709 46786
2211 2319 47972 48080

>ENSMUST00000178785
0 219 8565 8784
219 461 8874 9116
461 603 9314 9456
603 757 9600 9754
757 831 10092 10166
831 936 10451 10556

>ENSGALT00000106799
0 45 0 45
45 131 118 204
131 195 415 479
195 240 975 1020
240 303 1720 1783
303 378 1916 1991
378 626 2214 2462
626 837 5046 5257

>ENSMUST00000072020
0 45 994 1039
45 107 1935 1997
107 153 2417 2463
153 564 4818 5229
564 640 5518 5594
640 723 5668 5751
723 761 5828 5866
761 1020 6488 6747
1020 1268 6831 7079
1268 1410 8219 8361
1410 1564 9034 9188
1564 1641 9737 9814
1641 1746 9934 10039

>ENST00000557984
0 199 2588 2787
199 224 3600 3625

>ENST00000376484
0 88 76083 76171
88 279 77588 77779
279 356 79251 79328
356 384 89431 89459

>ENSBTAT00000086441
0 91 397 488
91 162 9690 9761
162 260 9838 9936
260 324 10275 10339
324 369 10800 10845
369 432 13194 13257
432 507 15514 15589
507 688 15797 15978
688 708 16639 16659
708 816 17783 17891
816 861 18260 18305
861 1011 18862 19012
1011 1150 20479 20618
1150 1311 21276 21437
1311 1388 22520 22597
1388 1638 23372 23622
1638 1886 23997 24245
1886 2034 24365 24513
2034 2185 26105 26256
2185 2262 27786 27863
2262 2370 29591 29699

>ENSBTAT00000074330
0 671 1198 1869
671 735 4155 4219
735 780 5520 5565
780 843 6196 6259
843 918 7482 7557
918 1140 7639 7861

>ENST00000490347
0 202 80820 81022
202 219 82286 82303
219 339 133010 133130
339 393 134116 134170
393 526 136345 136478
526 720 136820 137014

>ENSGALT00000080375
0 308 0 308
308 372 1228 1292
372 417 1558 1603
417 480 3393 3456
480 555 3589 3664
555 748 4145 4338
748 765 4597 4614
765 870 4854 4959
870 915 5047 5092
915 1071 5201 5357
1071 1201 5728 5858
1201 1371 5930 6100
1371 1448 6168 6245
1448 1698 6432 6682
1698 1946 6964 7212
1946 2094 7321 7469
2094 2245 7556 7707
2245 2496 7817 8068

>ENSMUST00000102848
0 24 914 938
24 149 1498 1623
149 213 2938 3002
213 258 3102 3147
258 321 30149 30212
321 396 31723 31798
396 601 42502 42707
601 618 43440 43457
618 729 55499 55610
729 783 59039 59093
783 936 59606 59759
936 1081 61086 61231
1081 1275 62234 62428
1275 1352 63761 63838
1352 1602 74482 74732
1602 1850 75900 76148
1850 1998 78428 78576
1998 2149 80629 80780
2149 2226 82352 82429
2226 2334 82528 82636

>ENSMUST00000002518
0 27 154 181
27 125 1731 1829
125 189 4607 4671
189 234 5185 5230
234 297 5360 5423
297 372 5804 5879
372 594 5984 6206

>ENST00000558201
0 143 1873 2016
143 207 2535 2599
207 252 3600 3645
252 315 22018 22081
315 390 23569 23644
390 595 31958 32163
595 612 33706 33723
612 732 37527 37647
732 783 38716 38767
783 936 39361 39514
936 1078 39885 40027
1078 1278 40518 40718
1278 1355 41802 41879
1355 1605 42878 43128
1605 1853 43491 43739
1853 2001 44802 44950
2001 2152 45652 45803
2152 2229 46709 46786
2229 2337 47972 48080

>ENSMUST00000143285
0 24 1107 1131
24 122 1244 1342
122 186 1675 1739
186 231 2037 2082
231 234 3128 3131
234 309 5696 5771
309 464 5923 6078

>ENSBTAT00000004593
0 39 1425 1464
39 137 1753 1851
137 201 2933 2997
201 246 4207 4252
246 321 54165 54240
321 526 80141 80346
526 543 81591 81608
543 663 134204 134324
663 717 135293 135347
717 870 135840 135993
870 1003 137429 137562
1003 1197 137933 138127
1197 1274 138638 138715
1274 1524 146763 147013
1524 1772 148197 148445
1772 1920 149792 149940
1920 2071 150650 150801
2071 2148 151153 151230
2148 2256 153187 153295

>ENST00000559191
0 3 40700 40703
3 80 41802 41879
80 330 42878 43128
330 578 43491 43739
578 726 44802 44950
726 877 45652 45803
877 954 46709 46786
954 1062 47972 48080

>ENSMUST00000124854
0 53 13408 13461
53 204 14248 14399
204 281 14859 14936
281 405 15792 15916

>ENST00000428713
0 98 1916 2014
98 162 3100 3164
162 207 4360 4405
207 270 40883 40946
270 345 55601 55676
345 547 80820 81022
547 564 82286 82303
564 684 133010 133130
684 738 134116 134170
738 834 135350 135446
834 970 136345 136481

>ENSBTAT00000082215
0 45 875 920
45 143 1753 1851
143 207 2933 2997
207 252 4207 4252
252 315 39517 39580
315 390 54165 54240
390 595 80141 80346
595 612 81591 81608
612 732 134204 134324
732 786 135293 135347
786 939 135840 135993
939 1072 137429 137562
1072 1266 137933 138127
1266 1343 138638 138715
1343 1593 146763 147013
1593 1841 148197 148445
1841 1989 149792 149940
1989 2140 150650 150801
2140 2217 151153 151230
2217 2325 153187 153295

>ENST00000262953
0 24 18731 18755
24 122 18832 18930
122 186 19253 19317
186 231 19762 19807
231 294 22553 22616
294 369 27862 27937
369 550 28172 28353
550 570 29776 29796
570 678 31875 31983
678 723 33021 33066
723 873 33817 33967
873 1012 36475 36614
1012 1173 37933 38094
1173 1250 38690 38767
1250 1500 40966 41216
1500 1748 41667 41915
1748 1896 42051 42199
1896 2047 45132 45283
2047 2124 46912 46989
2124 2232 49680 49788

>ENST00000591457
0 5 1905 1910
5 103 18832 18930
103 167 19253 19317
167 212 19762 19807
212 320 31875 31983
320 365 33021 33066
365 396 33817 33848

>ENSMUST00000160882
0 24 1072 1096
24 125 1587 1688
125 189 2149 2213
189 234 3163 3208
234 297 20837 20900
297 402 22242 22347
402 607 29487 29692
607 624 31086 31103
624 744 34988 35108
744 795 35914 35965
795 948 36400 36553
948 1090 36909 37051
1090 1290 37570 37770
1290 1367 38897 38974
1367 1617 39899 40149
1617 1865 40489 40737
1865 2013 41577 41725
2013 2164 42345 42496
2164 2241 43196 43273
2241 2349 44243 44351

>ENSBTAT00000075099
0 138 0 138
138 236 1771 1869
236 300 4155 4219
300 345 5520 5565
345 408 6196 6259
408 483 7482 7557
483 705 7639 7861

>ENST00000557919
0 24 1378 1402
24 125 1915 2016
125 189 2535 2599
189 234 3600 3645
234 297 22018 22081
297 372 23569 23644
372 577 31958 32163
577 594 33706 33723
594 714 37527 37647
714 765 38716 38767
765 918 39361 39514
918 1051 39885 40018
1051 1236 40518 40703
1236 1313 41802 41879
1313 1338 42880 42905

>ENSCAFT00000030660
0 21 670 691
21 66 1092 1137
66 129 3528 3591
129 204 5698 5773
204 385 6007 6188
385 405 6543 6563
405 513 7476 7584
513 558 8766 8811
558 708 9273 9423
708 847 10873 11012
847 1008 11771 11932
1008 1085 12913 12990
1085 1335 13663 13913
1335 1583 14298 14546
1583 1731 14647 14795
1731 1882 16342 16493
1882 1959 17031 17108
1959 2067 18655 18763

>ENST00000462803
0 45 1018 1063
45 143 1916 2014
143 207 3100 3164
207 252 4360 4405
252 315 40883 40946
315 390 55601 55676
390 592 80820 81022
592 609 82286 82303
609 739 99436 99566
739 780 133010 133051

>ENSCAFT00020036355
0 77 132617 132694
77 327 135392 135642
327 575 136724 136972
575 723 139011 139159
723 874 139607 139758
874 951 140114 140191
951 1059 142208 142316

>ENSMUST00000161207
0 3 1191 1194
3 104 1587 1688
104 168 2149 2213
168 213 3163 3208
213 276 20837 20900
276 351 22242 22317
351 556 29487 29692
556 573 31086 31103
573 693 34988 35108
693 744 35914 35965
744 897 36400 36553
897 1030 36909 37042
1030 1230 37570 37770
1230 1307 38897 38974
1307 1557 39899 40149
1557 1805 40489 40737
1805 1953 41577 41725
1953 2104 42345 42496
2104 2181 43196 43273
2181 2289 44243 44351

>ENSMUST00000161993
0 24 1072 1096
24 125 1587 1688
125 189 2149 2213
189 234 3163 3208
234 297 20837 20900
297 372 22242 22317
372 574 29490 29692
574 591 31086 31103
591 711 34988 35108
711 762 35914 35965
762 915 36400 36553
915 1009 36909 37003

>ENST00000560939
0 143 1873 2016
143 207 2535 2599
207 252 3600 3645
252 315 22018 22081
315 390 23569 23644
390 592 31961 32163
592 609 33706 33723
609 729 37527 37647
729 780 38716 38767
780 933 39361 39514
933 1066 39885 40018
1066 1266 40518 40718
1266 1343 41802 41879
1343 1593 42878 43128
1593 1841 43491 43739
1841 1989 44802 44950
1989 2140 45652 45803
2140 2217 46709 46786
2217 2325 47972 48080

>ENSMUST00000107337
0 24 914 938
24 125 1522 1623
125 189 2938 3002
189 234 3102 3147
234 297 30149 30212
297 372 31723 31798
372 603 42502 42733

>ENSGALT00000102106
0 609 878 1487
609 707 1718 1816
707 771 2932 2996
771 816 4288 4333
816 879 5503 5566
879 954 6713 6788
954 1037 7281 7364
1037 1127 7758 7848
1127 1182 8205 8260

>ENST00000586422
0 21 19296 19317
21 66 19762 19807
66 129 22553 22616
129 204 27862 27937
204 256 28172 28224
256 360 49873 49977

>ENSCAFT00020010500
0 24 410 434
24 125 1007 1108
125 189 1648 1712
189 234 2657 2702
234 297 21083 21146
297 372 22658 22733
372 577 30809 31014
577 594 32720 32737
594 714 36214 36334
714 765 37095 37146
765 918 37759 37912
918 1051 38310 38443
1051 1251 39016 39216
1251 1328 39956 40033
1328 1578 40753 41003
1578 1826 41292 41540
1826 1974 42293 42441
1974 2125 43221 43372
2125 2202 44125 44202
2202 2310 45211 45319

>ENST00000327141
0 27 907 934
27 125 1850 1948
125 189 5365 5429
189 234 6751 6796
234 297 7381 7444
297 372 8913 8988
372 594 9067 9289

>ENST00000265284
0 45 1018 1063
45 143 1916 2014
143 207 3100 3164
207 252 4360 4405
252 315 40883 40946
315 517 80820 81022
517 534 82286 82303
534 654 133010 133130
654 708 134116 134170
708 861 134974 135127
861 994 136345 136478
994 1188 136820 137014
1188 1265 137850 137927
1265 1515 146949 147199
1515 1763 148273 148521
1763 1911 149968 150116
1911 2062 150678 150829
2062 2139 151186 151263
2139 2247 153264 153372

>ENSMUST00000072695
0 24 914 938
24 125 1522 1623
125 189 2938 3002
189 234 3102 3147
234 297 30149 30212
297 372 31723 31798
372 577 42502 42707
577 594 43440 43457
594 705 55499 55610
705 759 59039 59093
759 912 59606 59759
912 1057 61086 61231
1057 1254 62231 62428
1254 1331 63761 63838
1331 1581 74482 74732
1581 1829 75900 76148
1829 1977 78428 78576
1977 2128 80629 80780
2128 2205 82352 82429
2205 2313 82528 82636

>ENSMUST00000161689
0 21 2192 2213
21 66 3163 3208
66 129 20837 20900
129 204 22242 22317
204 409 29487 29692
409 426 31086 31103
426 546 34988 35108
546 597 35914 35965
597 750 36400 36553
750 892 36909 37051
892 1092 37570 37770
1092 1169 38897 38974
1169 1419 39899 40149
1419 1667 40489 40737
1667 1815 41577 41725
1815 1966 42345 42496
1966 2043 43196 43273
2043 2151 44243 44351

>ENSCAFT00020036282
0 48 1599 1647
48 146 2358 2456
146 210 3550 3614
210 255 4805 4850
255 318 37010 37073
318 393 49134 49209
393 602 73892 74101
602 708 122099 122205
708 761 124139 124192
761 873 124237 124349
873 1006 125566 125699
1006 1200 125941 126135
1200 1277 126599 126676
1277 1527 135392 135642
1527 1775 136724 136972
1775 1923 139011 139159
1923 2074 139607 139758
2074 2151 140114 140191
2151 2259 142208 142316

>ENST00000557907
0 24 1378 1402
24 125 1915 2016
125 189 2535 2599
189 234 3600 3645
234 297 22018 22081
297 372 23569 23644
372 577 31958 32163
577 594 33706 33723
594 714 37527 37647
714 765 38716 38767
765 918 39361 39514
918 1051 39885 40018
1051 1236 40518 40703
1236 1313 41802 41879
1313 1563 42878 43128
1563 1811 43491 43739
1811 1959 44802 44950
1959 2110 45652 45803
2110 2187 46709 46786
2187 2295 47972 48080

>ENSGALT00000052862
0 24 0 24
24 125 256 357
125 189 1627 1691
189 234 1782 1827
234 297 18684 18747
297 402 19670 19775
402 607 37137 37342
607 624 38084 38101
624 741 46869 46986
741 795 50578 50632
795 948 52167 52320
948 1093 53162 53307
1093 1284 54020 54211
1284 1361 55551 55628
1361 1611 64372 64622
1611 1859 66528 66776
1859 2007 68674 68822
2007 2158 69196 69347
2158 2235 69785 69862
2235 2343 70020 70128

>ENSCAFT00020036217
0 45 1578 1623
45 143 2358 2456
143 207 3550 3614
207 252 4805 4850
252 323 37010 37081
323 556 73864 74097
556 573 75350 75367
573 693 122097 122217
693 746 124139 124192
746 858 124237 124349
858 991 125566 125699
991 1185 125941 126135
1185 1262 126599 126676
1262 1512 135392 135642
1512 1760 136724 136972
1760 1908 139011 139159
1908 2059 139607 139758
2059 2136 140114 140191
2136 2244 142208 142316

>ENST00000470872
0 45 1018 1063
45 143 1916 2014
143 207 3100 3164
207 252 4360 4405
252 273 29642 29663

>ENSGALT00000020536
0 24 0 24
24 125 256 357
125 189 1627 1691
189 234 1782 1827
234 297 18684 18747
297 372 19670 19745
372 577 37137 37342
577 594 38084 38101
594 711 46869 46986
711 765 50578 50632
765 918 52167 52320
918 1063 53162 53307
1063 1254 54020 54211
1254 1331 55551 55628
1331 1581 64372 64622
1581 1829 66528 66776
1829 1977 68674 68822
1977 2128 69196 69347
2128 2205 69785 69862
2205 2223 81949 81967

>ENSMUST00000162127
0 45 3163 3208
45 108 20837 20900
108 213 22242 22347
213 418 29487 29692
418 435 31086 31103
435 555 34988 35108
555 606 35914 35965
606 759 36400 36553
759 865 36909 37015
865 1050 37570 37755
1050 1127 38897 38974
1127 1377 39899 40149
1377 1625 40489 40737
1625 1773 41577 41725
1773 1924 42345 42496
1924 2001 43196 43273
2001 2109 44243 44351

>ENST00000496114
0 100 133030 133130
100 154 134116 134170
154 307 134974 135127
307 440 136345 136478
440 634 136820 137014
634 711 137850 137927
711 786 146224 146299
786 1031 146949 147194

>ENSMUST00000219454
0 302 7585 7887
302 325 7996 8019
325 384 8179 8238
384 597 8571 8784
597 839 8874 9116
839 981 9314 9456
981 1135 9600 9754
1135 1209 10092 10166
1209 1314 10451 10556

>ENSCAFT00020036206
0 30 0 30
30 128 2358 2456
128 192 3550 3614
192 237 4805 4850
237 308 37010 37081
308 333 73941 73966
333 388 74042 74097
388 405 75350 75367
405 525 122097 122217
525 578 124139 124192
578 690 124237 124349
690 823 125566 125699
823 1017 125941 126135
1017 1094 126599 126676
1094 1344 135392 135642
1344 1592 136724 136972
1592 1740 139011 139159
1740 1891 139607 139758
1891 1968 140114 140191
1968 2076 142208 142316

>ENSMUST00000159630
0 21 2192 2213
21 66 3163 3208
66 129 20837 20900
129 204 22242 22317
204 406 29490 29692
406 423 31086 31103
423 543 34988 35108
543 594 35914 35965
594 747 36400 36553
747 880 36909 37042
880 1080 37570 37770
1080 1157 38897 38974
1157 1407 39899 40149
1407 1655 40489 40737
1655 1803 41577 41725
1803 1954 42345 42496
1954 2031 43196 43273
2031 2139 44243 44351

>ENSMUST00000136341
0 24 1107 1131
24 122 1244 1342
122 186 1675 1739
186 231 2037 2082
231 294 3068 3131
294 366 5696 5768

>ENSBTAT00000037963
0 24 21 45
24 125 611 712
125 189 1255 1319
189 234 2243 2288
234 297 22512 22575
297 372 24078 24153
372 577 31417 31622
577 594 33196 33213
594 714 37065 37185
714 765 38095 38146
765 918 38746 38899
918 1051 39294 39427
1051 1251 39989 40189
1251 1328 40764 40841
1328 1578 41620 41870
1578 1826 42230 42478
1826 1974 42991 43139
1974 2125 43990 44141
2125 2202 44992 45069
2202 2310 46060 46168

>ENSBTAT00000072778
0 39 1425 1464
39 137 1753 1851
137 201 2933 2997
201 246 4207 4252
246 309 39517 39580
309 384 54165 54240
384 589 80141 80346
589 606 81591 81608
606 726 134204 134324
726 780 135293 135347
780 933 135840 135993
933 1066 137429 137562
1066 1260 137933 138127
1260 1337 138638 138715
1337 1587 146763 147013
1587 1835 148197 148445
1835 1983 149792 149940
1983 2134 150650 150801
2134 2211 151153 151230
2211 2319 153187 153295

>ENST00000376463
0 21 3694 3715
21 66 3827 3872
66 129 35511 35574
129 204 37259 37334
204 435 55246 55477

>ENSMUST00000137075
0 191 1432 1623
191 255 2938 3002
255 300 3102 3147
300 363 30149 30212
363 438 31723 31798
438 587 42502 42651

>ENSMUST00000052011
0 45 639 684
45 143 1197 1295
143 207 2398 2462
207 252 3623 3668
252 315 33600 33663
315 390 53189 53264
390 592 80078 80280
592 609 81676 81693
609 729 129780 129900
729 783 130818 130872
783 936 131350 131503
936 1069 132633 132766
1069 1263 133114 133308
1263 1340 133666 133743
1340 1590 143061 143311
1590 1838 144225 144473
1838 1986 145484 145632
1986 2137 145837 145988
2137 2214 146332 146409
2214 2322 148210 148318

>ENST00000376537
0 45 1018 1063
45 143 1916 2014
143 207 3100 3164
207 252 4360 4405
252 315 40883 40946
315 390 55601 55676
390 592 80820 81022
592 609 82286 82303
609 729 133010 133130
729 783 134116 134170
783 936 134974 135127
936 1032 135350 135446
1032 1165 136345 136478
1165 1359 136820 137014
1359 1436 137850 137927
1436 1686 146949 147199
1686 1934 148273 148521
1934 2082 149968 150116
2082 2233 150678 150829
2233 2310 151186 151263
2310 2418 153264 153372

>ENST00000591529
0 63 1847 1910
63 161 18832 18930
161 225 19253 19317
225 270 19762 19807
270 333 22553 22616
333 408 27862 27937
408 592 28169 28353
592 612 29776 29796
612 720 31875 31983
720 765 33021 33066
765 915 33817 33967
915 1054 36475 36614
1054 1215 37933 38094
1215 1292 38690 38767
1292 1542 40966 41216
1542 1790 41667 41915
1790 1938 42051 42199
1938 2089 45132 45283
2089 2121 49680 49712

>ENSMUST00000146916
0 24 1107 1131
24 122 1244 1342
122 186 1675 1739
186 231 2037 2082
231 294 3068 3131
294 369 5696 5771
369 553 5923 6107
553 573 6334 6354
573 684 7084 7195
684 729 7852 7897
729 879 8176 8326
879 1018 10042 10181
1018 1143 11652 11777
1143 1214 12297 12368
1214 1464 12531 12781
1464 1712 12992 13240
1712 1860 13313 13461
1860 2011 14248 14399
2011 2088 14859 14936
2088 2212 15792 15916

>ENSMUST00000074216
0 24 914 938
24 125 1522 1623
125 189 2938 3002
189 234 3102 3147
234 297 30149 30212
297 372 31723 31798
372 577 42502 42707
577 594 48022 48039
594 705 55499 55610
705 759 59039 59093
759 912 59606 59759
912 1057 61086 61231
1057 1254 62231 62428
1254 1331 63761 63838
1331 1581 74482 74732
1581 1829 75900 76148
1829 1977 78428 78576
1977 2128 80629 80780
2128 2205 82352 82429
2205 2313 82528 82636

>ENSGALT00000051743
0 24 0 24
24 125 256 357
125 189 1627 1691
189 234 1782 1827
234 297 18684 18747
297 402 19670 19775
402 607 37137 37342
607 624 38084 38101
624 741 46869 46986
741 795 50578 50632
795 948 52167 52320
948 1093 53162 53307
1093 1284 54020 54211
1284 1361 55551 55628
1361 1611 64372 64622
1611 1859 66528 66776
1859 2007 68674 68822
2007 2158 69196 69347
2158 2235 69785 69862
2235 2316 80009 80090

>ENST00000435650
0 45 1018 1063
45 143 1916 2014
143 207 3100 3164
207 252 4360 4405
252 315 40883 40946
315 390 55601 55676
390 429 78047 78086
429 638 80817 81026
638 655 82286 82303
655 677 133010 133032

>ENSBTAT00000079758
0 255 8723 8978
255 326 9690 9761
326 390 10275 10339
390 435 10800 10845
435 498 13194 13257
498 573 15514 15589
573 754 15797 15978
754 774 16639 16659
774 882 17783 17891
882 927 18260 18305
927 1077 18862 19012
1077 1216 20479 20618
1216 1377 21276 21437
1377 1454 22520 22597
1454 1704 23372 23622
1704 1952 23997 24245
1952 2100 24365 24513
2100 2251 26105 26256
2251 2328 27786 27863
2328 2436 29591 29699

>ENSMUST00000178113
0 24 1072 1096
24 125 1587 1688
125 189 2149 2213
189 234 3163 3208
234 297 20837 20900
297 402 22242 22347
402 607 29487 29692
607 627 34759 34779
627 747 34988 35108
747 798 35914 35965
798 951 36400 36553
951 1093 36909 37051
1093 1293 37570 37770
1293 1370 38897 38974
1370 1620 39899 40149
1620 1868 40489 40737
1868 2016 41577 41725
2016 2167 42345 42496
2167 2244 43196 43273
2244 2352 44243 44351

>ENSMUST00000167776
0 45 639 684
45 143 1197 1295
143 207 2398 2462
207 252 3623 3668
252 315 33600 33663
315 390 53189 53264
390 592 80078 80280
592 609 106252 106269
609 729 129780 129900
729 783 130818 130872
783 936 131350 131503
936 1069 132633 132766
1069 1263 133114 133308
1263 1340 133666 133743
1340 1590 143061 143311
1590 1838 144225 144473
1838 1986 145484 145632
1986 2137 145837 145988
2137 2214 146332 146409
2214 2322 148210 148318

>ENSCAFT00020026716
0 27 0 27
27 125 1057 1155
125 189 3496 3560
189 234 4775 4820
234 297 5315 5378
297 372 6862 6937
372 594 7024 7246

>ENSMUST00000140154
0 153 59606 59759
153 298 61086 61231
298 400 61856 61958
400 504 62231 62335

>ENSMUST00000127546
0 45 994 1039
45 107 1935 1997
107 153 2417 2463
153 416 4818 5081

>ENSCAFT00000002282
0 21 2167 2188
21 66 2302 2347
66 129 26156 26219
129 204 27795 27870
204 409 40722 40927
409 426 41665 41682
426 543 54653 54770
543 597 58298 58352
597 750 58885 59038
750 895 60143 60288
895 1086 61294 61485
1086 1163 63121 63198
1163 1413 76492 76742
1413 1661 78653 78901
1661 1809 81999 82147
1809 1960 83566 83717
1960 2037 84648 84725
2037 2145 84866 84974

>ENST00000414465
0 45 1018 1063
45 143 1916 2014
143 207 3100 3164
207 270 40883 40946
270 345 55601 55676
345 388 80817 80860

>ENSGALT00000013179
0 24 897 921
24 125 1004 1105
125 189 1212 1276
189 234 2055 2100
234 297 7407 7470
297 402 7588 7693
402 607 11934 12139
607 624 12810 12827
624 744 14726 14846
744 795 15087 15138
795 951 15222 15378
951 1084 15480 15613
1084 1281 15739 15936
1281 1358 16517 16594
1358 1608 16717 16967
1608 1856 17531 17779
1856 2004 18017 18165
2004 2155 18941 19092
2155 2232 19335 19412
2232 2340 19543 19651

>ENSMUST00000159386
0 24 1072 1096
24 125 1587 1688
125 189 2149 2213
189 234 3163 3208
234 297 20837 20900
297 372 22242 22317
372 577 29487 29692
577 594 31086 31103
594 714 34988 35108
714 765 35914 35965
765 918 36400 36553
918 1024 36909 37015
1024 1224 37570 37770
1224 1301 38897 38974
1301 1551 39899 40149
1551 1799 40489 40737
1799 1947 41577 41725
1947 2098 42345 42496
2098 2175 43196 43273
2175 2283 44243 44351

>ENST00000627388
0 24 1378 1402
24 125 1915 2016
125 189 2535 2599
189 234 3600 3645
234 297 22018 22081
297 372 23569 23644
372 594 31958 32180
594 714 37527 37647
714 765 38716 38767
765 918 39361 39514
918 1060 39885 40027
1060 1260 40518 40718
1260 1337 41802 41879
1337 1587 42878 43128
1587 1835 43491 43739
1835 1983 44802 44950
1983 2134 45652 45803
2134 2211 46709 46786
2211 2319 47972 48080

>ENST00000246112
0 51 696 747
51 134 2562 2645
134 180 4000 4046
180 222 4610 4652
222 285 9291 9354
285 541 9445 9701
541 558 9818 9835
558 625 10186 10253
625 702 10360 10437
702 740 10553 10591
740 993 11523 11776
993 1244 11997 12248
1244 1386 14305 14447
1386 1537 15894 16045
1537 1614 16481 16558
1614 1719 17362 17467

>ENSMUST00000151858
0 45 994 1039
45 107 1935 1997
107 153 2417 2463
153 272 4587 4706
272 306 4822 4856

>ENSCAFT00020026700
0 33 0 33
33 190 865 1022
190 302 1516 1628
302 555 2320 2573
555 806 2656 2907
806 948 3134 3276
948 1266 3669 3987

>ENST00000589364
0 8 22608 22616
8 83 27862 27937
83 119 38058 38094
119 196 38690 38767
196 446 40966 41216
446 694 41667 41915
694 844 42051 42201

>ENSMUST00000160724
0 24 1072 1096
24 125 1587 1688
125 189 2149 2213
189 234 3163 3208
234 297 20837 20900
297 402 22242 22347
402 604 29490 29692
604 621 31086 31103
621 710 34988 35077

>ENST00000418319
0 24 1307 1331
24 125 2113 2214
125 189 3651 3715
189 234 3827 3872
234 297 35511 35574
297 402 37259 37364
402 607 55246 55451
607 624 56183 56200
624 731 68990 69097

>ENSBTAT00000068906
0 174 10165 10339
174 219 10800 10845
219 282 13194 13257
282 357 15514 15589
357 538 15797 15978
538 558 16639 16659
558 666 17783 17891
666 816 18862 19012
816 955 20479 20618
955 1116 21276 21437
1116 1193 22520 22597
1193 1443 23372 23622
1443 1691 23997 24245
1691 1839 24365 24513
1839 1990 26105 26256
1990 2067 27786 27863
2067 2175 29591 29699

>ENSMUST00000220348
0 99 1730 1829
99 163 4607 4671
163 208 5185 5230
208 223 5325 5340

>ENSMUST00000159050
0 24 1072 1096
24 125 1587 1688
125 189 2149 2213
189 234 3163 3208
234 297 20837 20900
297 372 22242 22317
372 577 29487 29692
577 594 31086 31103
594 714 34988 35108
714 765 35914 35965
765 918 36400 36553
918 1060 36909 37051
1060 1245 37570 37755
1245 1322 38897 38974
1322 1572 39899 40149
1572 1820 40489 40737
1820 1968 41577 41725
1968 2119 42345 42496
2119 2196 43196 43273
2196 2304 44243 44351

>ENST00000561754
0 311 8736 9047
311 334 9168 9191
334 393 9337 9396
393 609 9735 9951
609 851 10058 10300
851 993 10498 10640
993 1147 10786 10940
1147 1221 11319 11393
1221 1326 11694 11799

>ENSBTAT00000001533
0 3 82 85
3 45 2859 2901
45 493 7421 7869
493 597 8424 8528
597 635 8618 8656
635 888 9006 9259
888 1139 9348 9599
1139 1281 10021 10163
1281 1432 10572 10723
1432 1509 11161 11238
1509 1614 11408 11513

>ENSMUST00000146358
0 24 1107 1131
24 122 1244 1342
122 186 1675 1739
186 300 1968 2082
300 363 3068 3131
363 438 5696 5771
438 622 5923 6107
622 642 6334 6354
642 753 7084 7195
753 798 7852 7897
798 948 8176 8326
948 1087 10042 10181
1087 1248 11652 11813
1248 1322 12294 12368
1322 1572 12531 12781
1572 1820 12992 13240
1820 1968 13313 13461
1968 2119 14248 14399
2119 2196 14859 14936
2196 2304 15664 15772

>ENSMUST00000162583
0 24 1072 1096
24 125 1587 1688
125 189 2149 2213
189 234 3163 3208
234 297 20837 20900
297 372 22242 22317
372 577 29487 29692
577 594 31086 31103
594 714 34988 35108
714 765 35914 35965
765 918 36400 36553
918 1051 36909 37042
1051 1251 37570 37770
1251 1328 38897 38974
1328 1578 39899 40149
1578 1826 40489 40737
1826 1974 41577 41725
1974 2125 42345 42496
2125 2202 43196 43273
2202 2310 44243 44351

>ENST00000560589
0 21 2578 2599
21 66 3600 3645
66 129 22018 22081
129 204 23569 23644
204 409 31958 32163
409 426 33706 33723
426 546 37527 37647
546 597 38716 38767
597 750 39361 39514
750 892 39885 40027
892 1092 40518 40718
1092 1169 41802 41879
1169 1419 42878 43128
1419 1667 43491 43739
1667 1815 44802 44950
1815 1966 45652 45803
1966 2043 46709 46786
2043 2151 47972 48080

>ENST00000376544
0 45 1018 1063
45 143 1916 2014
143 207 3100 3164
207 252 4360 4405
252 315 40883 40946
315 390 55601 55676
390 592 80820 81022
592 609 82286 82303
609 729 133010 133130
729 862 136345 136478
862 1056 136820 137014
1056 1133 137850 137927
1133 1383 146949 147199
1383 1631 148273 148521
1631 1779 149968 150116
1779 1930 150678 150829
1930 2007 151186 151263
2007 2115 153264 153372

>ENSBTAT00000003167
0 27 607 634
27 125 1771 1869
125 189 4155 4219
189 234 5520 5565
234 297 6196 6259
297 372 7482 7557
372 594 7639 7861

>ENST00000467142
0 120 133010 133130
120 253 136345 136478
253 447 136820 137014
447 500 137850 137903

>ENST00000461758
0 45 1018 1063
45 143 1916 2014
143 207 3100 3164
207 306 4360 4459

>ENSCAFT00000002416
0 48 40 88
48 146 158 256
146 210 1347 1411
210 255 2601 2646
255 318 34792 34855
318 393 46918 46993
393 595 71673 71875
595 612 73128 73145
612 732 120089 120209
732 786 121211 121265
786 939 122188 122341
939 1072 123558 123691
1072 1266 123933 124127
1266 1343 124591 124668
1343 1593 133391 133641
1593 1841 134723 134971
1841 1989 137010 137158
1989 2140 137606 137757
2140 2217 138113 138190
2217 2325 140206 140314

>ENSGALT00000075317
0 308 0 308
308 372 1228 1292
372 417 1558 1603
417 480 3393 3456
480 555 3589 3664
555 748 4145 4338
748 765 4597 4614
765 870 4854 4959
870 915 5047 5092
915 1071 5201 5357
1071 1443 5728 6100
1443 1520 6168 6245
1520 1770 6432 6682
1770 2018 6964 7212
2018 2166 7321 7469
2166 2317 7556 7707
2317 2394 7817 7894
2394 2502 7991 8099

>ENSCAFT00000030664
0 156 0 156
156 407 239 490
407 549 717 859
549 700 1247 1398
700 777 1549 1626
777 882 1790 1895

>ENST00000590536
0 24 18731 18755
24 122 18832 18930
122 186 19253 19317
186 231 19762 19807
231 294 22553 22616
294 369 27862 27937
369 553 28169 28353
553 573 29776 29796
573 681 31875 31983
681 726 33021 33066
726 876 33817 33967
876 1015 36475 36614
1015 1176 37933 38094
1176 1253 38690 38767
1253 1503 40966 41216
1503 1751 41667 41915
1751 1899 42051 42199
1899 2050 45132 45283
2050 2127 46912 46989
2127 2235 49680 49788

>ENST00000585557
0 27 907 934
27 125 1850 1948
125 147 7381 7403

>ENSBTAT00000075126
0 45 875 920
45 143 1753 1851
143 207 2933 2997
207 252 4207 4252
252 315 39517 39580
315 520 80141 80346
520 537 81591 81608
537 657 134204 134324
657 711 135293 135347
711 864 135840 135993
864 997 137429 137562
997 1191 137933 138127
1191 1268 138638 138715
1268 1518 146763 147013
1518 1766 148197 148445
1766 1914 149792 149940
1914 2065 150650 150801
2065 2142 151153 151230
2142 2250 153187 153295

>ENST00000317509
0 24 1378 1402
24 125 1915 2016
125 189 2535 2599
189 234 3600 3645
234 297 22018 22081
297 372 23569 23644
372 577 31958 32163
577 594 33706 33723
594 714 37527 37647
714 765 38716 38767
765 918 39361 39514
918 1024 39885 39991
1024 1224 40518 40718
1224 1301 41802 41879
1301 1551 42878 43128
1551 1799 43491 43739
1799 1947 44802 44950
1947 2098 45652 45803
2098 2175 46709 46786
2175 2283 47972 48080

>ENST00000557997
0 24 1378 1402
24 125 1915 2016
125 189 2535 2599
189 234 3600 3645
234 297 22018 22081
297 372 23569 23644
372 577 31958 32163
577 594 33706 33723
594 714 37527 37647
714 765 38716 38767
765 918 39361 39514
918 1051 39885 40018
1051 1236 40518 40703
1236 1313 41802 41879
1313 1563 42878 43128
1563 1811 43491 43739
1811 1959 44802 44950
1959 2110 45652 45803
2110 2187 46709 46786
2187 2295 47972 48080

>ENST00000592584
0 24 18731 18755
24 122 18832 18930
122 186 19253 19317
186 231 19762 19807
231 294 22553 22616
294 369 27862 27937
369 538 28169 28338

>ENSGALT00000075041
0 9 12851 12860
9 72 18684 18747
72 147 19670 19745
147 352 37137 37342
352 369 38084 38101
369 486 46869 46986
486 540 50578 50632
540 693 52167 52320
693 838 53162 53307
838 1029 54020 54211
1029 1106 55551 55628
1106 1356 64372 64622
1356 1604 66528 66776
1604 1752 68674 68822
1752 1903 69196 69347
1903 1980 69785 69862
1980 2088 70020 70128

>ENST00000376552
0 45 1018 1063
45 143 1916 2014
143 207 3100 3164
207 252 4360 4405
252 315 40883 40946
315 390 55601 55676
390 592 80820 81022
592 609 82286 82303
609 729 133010 133130
729 783 134116 134170
783 936 134974 135127
936 1069 136345 136478
1069 1263 136820 137014
1263 1340 137850 137927
1340 1590 146949 147199
1590 1838 148273 148521
1838 1986 149968 150116
1986 2137 150678 150829
2137 2214 151186 151263
2214 2322 153264 153372

>ENST00000417836
0 134 134993 135127
134 230 135350 135446
230 363 136345 136478
363 557 136820 137014
557 635 137850 137928

