>ENST00000647788
0 127 577 704
127 227 2034 2134
227 243 6007 6023

>ENSCAFT00000008318
0 66 0 66
66 124 2281 2339
124 217 5855 5948
217 320 15795 15898
320 423 40100 40203
423 504 43004 43085
504 564 44097 44157
564 676 46082 46194
676 811 47005 47140
811 959 49209 49357
959 1106 52320 52467
1106 1149 54128 54171
1149 1230 55811 55892
1230 1342 56956 57068
1342 1414 57255 57327
1414 1506 60395 60487

>ENSMUST00000235325
0 60 4609 4669
60 153 4775 4868
153 243 4952 5042
243 322 6121 6200
322 393 7337 7408
393 480 8794 8881
480 633 11274 11427

>ENSBTAT00000025659
0 43 75 118
43 126 1469 1552
126 192 3726 3792
192 285 3892 3985
285 375 4067 4157
375 454 5069 5148
454 525 6160 6231
525 612 7620 7707
612 834 9201 9423
834 1034 9526 9726
1034 1170 10141 10277
1170 1284 12095 12209
1284 1416 14282 14414
1416 1548 14701 14833
1548 1680 15583 15715

>ENSCAFT00020002311
0 62 0 62
62 222 4550 4710
222 388 5659 5825
388 482 8395 8489
482 669 9044 9231
669 795 9313 9439
795 915 10354 10474
915 1078 11415 11578
1078 1252 11672 11846
1252 1338 12000 12086
1338 1424 12602 12688
1424 1551 13340 13467
1551 1695 14174 14318
1695 1794 14852 14951

>ENSBTAT00000005704
0 118 580 698
118 218 1340 1440
218 285 2695 2762
285 387 4504 4606
387 483 4992 5088
483 607 6540 6664
607 654 8344 8391
654 761 10537 10644
761 831 11431 11501
831 1011 12269 12449
1011 1119 13730 13838
1119 1182 16691 16754
1182 1335 20444 20597
1335 1554 23118 23337
1554 1665 23529 23640
1665 1741 25564 25640
1741 1956 26543 26758

>ENST00000590123
0 10 496 506
10 90 1565 1645
90 144 6191 6245

>ENST00000562875
0 62 1004 1066
62 222 6920 7080
222 231 12545 12554

>ENSMUST00000236186
0 43 194 237
43 123 1247 1327
123 189 4603 4669
189 282 4775 4868
282 372 4952 5042
372 451 6121 6200
451 522 7337 7408
522 609 8794 8881
609 831 11274 11496
831 1031 11605 11805
1031 1167 12179 12315
1167 1281 13031 13145
1281 1413 14777 14909
1413 1545 15218 15350
1545 1554 15568 15577

>ENST00000441323
0 25 2679 2704
25 118 6734 6827
118 221 24602 24705
221 324 42620 42723
324 405 52110 52191
405 465 53258 53318
465 549 61602 61686

>ENSMUST00000093120
0 146 2971 3117
146 303 5535 5692
303 469 7883 8049
469 563 8719 8813
563 750 9436 9623
750 876 9714 9840
876 996 11134 11254
996 1159 12361 12524
1159 1333 12628 12802
1333 1419 12948 13034
1419 1505 13662 13748
1505 1632 14737 14864
1632 1776 16316 16460
1776 1875 17617 17716

>ENSGALT00000047563
0 8 894 902
8 159 1125 1276
159 325 1480 1646
325 419 2539 2633
419 606 2874 3061
606 732 3238 3364
732 852 5326 5446
852 1015 6303 6466
1015 1189 6565 6739
1189 1275 7467 7553
1275 1361 8370 8456
1361 1488 8774 8901
1488 1632 11573 11717
1632 1719 12037 12124

>ENSCAFT00020000434
0 141 77 218
141 251 4038 4148
251 372 5167 5288
372 513 7610 7751
513 594 14251 14332
594 689 56098 56193
689 822 83298 83431
822 921 87600 87699
921 959 87807 87845
959 1026 98238 98305
1026 1164 99848 99986
1164 1262 112956 113054
1262 1289 115579 115606
1289 1434 119583 119728

>ENSMUST00000027602
0 66 151 217
66 124 1957 2015
124 217 3616 3709
217 320 11900 12003
320 423 25995 26098
423 504 28169 28250
504 564 30192 30252
564 676 38491 38603
676 811 41056 41191
811 959 43284 43432
959 1106 45082 45229
1106 1149 47833 47876
1149 1230 48923 49004
1230 1342 50336 50448
1342 1414 50599 50671
1414 1506 53043 53135

>ENSBTAT00000020818
0 528 0 528
528 608 677 757
608 762 4541 4695
762 928 5711 5877
928 1022 7950 8044
1022 1209 8353 8540
1209 1335 8626 8752
1335 1455 9867 9987
1455 1618 10995 11158
1618 1792 11265 11439
1792 1878 11597 11683
1878 1964 12022 12108
1964 2091 12698 12825
2091 2235 13483 13627
2235 2334 14225 14324

>ENSMUST00000034426
0 59 55 114
59 216 5535 5692
216 382 7883 8049
382 476 8719 8813
476 663 9436 9623
663 789 9714 9840
789 909 11134 11254
909 1072 12361 12524
1072 1246 12628 12802
1246 1332 12948 13034
1332 1418 13662 13748
1418 1545 14737 14864
1545 1689 16316 16460
1689 1788 17617 17716

>ENSGALT00000001334
0 62 363 425
62 213 1125 1276
213 379 1480 1646
379 473 2539 2633
473 660 2874 3061
660 786 3238 3364
786 906 5326 5446
906 1069 6303 6466
1069 1243 6565 6739
1243 1329 7467 7553
1329 1415 8370 8456
1415 1542 8774 8901
1542 1686 11573 11717
1686 1773 12037 12124

>ENSGALT00000027904
0 30 675 705
30 140 4266 4376
140 261 5337 5458
261 402 6173 6314
402 483 9321 9402
483 584 18340 18441
584 717 31459 31592
717 816 39306 39405
816 854 39820 39858
854 921 41744 41811
921 1059 43356 43494
1059 1157 44224 44322
1157 1184 46328 46355
1184 1329 51892 52037

>ENST00000529880
0 141 386 527
141 251 3430 3540
251 372 6122 6243
372 513 8602 8743
513 594 15255 15336
594 728 108861 108995

>ENST00000529571
0 11 46025 46036

>ENST00000649689
0 127 577 704
127 227 2034 2134
227 294 3680 3747
294 396 6007 6109
396 492 6882 6978
492 616 8723 8847
616 663 9820 9867
663 770 12287 12394
770 840 13537 13607
840 1020 14714 14894
1020 1128 16213 16321
1128 1191 20576 20639
1191 1344 25674 25827
1344 1563 28696 28915
1563 1674 29142 29253
1674 1750 32013 32089
1750 1938 32865 33053

>ENSMUST00000236392
0 43 194 237
43 126 1244 1327
126 192 4603 4669
192 285 4775 4868
285 375 4952 5042
375 454 6121 6200
454 495 8794 8835

>ENSCAFT00020002320
0 146 2783 2929
146 306 4550 4710
306 472 5659 5825
472 566 8395 8489
566 753 9044 9231
753 879 9313 9439
879 999 10354 10474
999 1162 11415 11578
1162 1336 11672 11846
1336 1422 12000 12086
1422 1508 12602 12688
1508 1635 13340 13467
1635 1779 14174 14318
1779 1878 14852 14951

>ENSBTAT00000056422
0 141 285 426
141 251 5152 5262
251 372 5630 5751
372 513 10186 10327
513 594 16809 16890
594 689 65479 65574
689 822 108371 108504
822 921 114118 114217
921 959 114316 114354
959 1026 120402 120469
1026 1164 121918 122056
1164 1262 131212 131310
1262 1289 133290 133317
1289 1434 136597 136742

>ENST00000587675
0 48 6349 6397
48 138 6483 6573
138 217 8533 8612
217 288 10506 10577
288 375 12770 12857
375 388 14548 14561

>ENST00000591599
0 10 496 506
10 93 1562 1645
93 252 6238 6397
252 331 8533 8612
331 402 10506 10577
402 489 12770 12857
489 504 14548 14563

>ENSMUST00000107159
0 141 299 440
141 251 4439 4549
251 372 6570 6691
372 513 8166 8307
513 594 21977 22058
594 689 51293 51388
689 822 72113 72246
822 921 79833 79932
921 959 80041 80079
959 1026 83726 83793
1026 1164 88394 88532
1164 1176 88766 88778

>ENSMUST00000235647
0 43 194 237
43 123 1247 1327
123 189 4603 4669
189 210 4754 4775

>ENST00000449218
0 25 2679 2704
25 118 6734 6827
118 221 24602 24705
221 324 42620 42723
324 409 52110 52195

>ENSMUST00000237351
0 11 226 237
11 94 1244 1327
94 187 4775 4868
187 266 6121 6200
266 337 7337 7408
337 424 8794 8881
424 646 11274 11496
646 846 11605 11805
846 982 12179 12315
982 1096 13031 13145
1096 1228 14777 14909
1228 1360 15218 15350
1360 1492 16003 16135

>ENST00000570215
0 146 4215 4361
146 306 6920 7080
306 472 8294 8460
472 566 12096 12190
566 753 12545 12732
753 771 12838 12856

>ENSCAFT00000000207
0 43 908 951
43 126 2553 2636
126 192 4382 4448
192 285 4548 4641
285 375 4728 4818
375 454 6116 6195
454 525 7004 7075
525 612 9732 9819
612 834 11020 11242
834 1034 11355 11555
1034 1170 11977 12113
1170 1284 13059 13173
1284 1416 15259 15391
1416 1548 15720 15852
1548 1680 16958 17090

>ENST00000568682
0 14 12176 12190
14 201 12545 12732
201 311 12838 12948

>ENST00000587194
0 10 496 506
10 93 1562 1645
93 252 6238 6397
252 342 6483 6573
342 421 8533 8612
421 490 12770 12839

>ENST00000529771
0 99 131115 131214
99 244 138060 138205

>ENSMUST00000122835
0 82 72164 72246
82 181 79833 79932
181 214 80046 80079
214 238 83726 83750

>ENSMUST00000164470
0 146 2971 3117
146 303 5535 5692
303 469 7883 8049
469 563 8719 8813
563 750 9436 9623
750 876 9714 9840
876 996 11134 11254
996 1159 12361 12524
1159 1333 12628 12802
1333 1419 12948 13034
1419 1505 13662 13748
1505 1632 14737 14864
1632 1776 16316 16460
1776 1875 17617 17716

>ENSCAFT00000031942
0 146 0 146
146 306 1765 1925
306 472 2875 3041
472 566 5608 5702
566 753 6256 6443
753 879 6525 6651
879 999 7566 7686
999 1162 8627 8790
1162 1336 8884 9058
1336 1422 9212 9298
1422 1508 9812 9898
1508 1635 10550 10677
1635 1779 11384 11528
1779 1878 12062 12161

>ENST00000435076
0 161 537 698
161 219 2646 2704
219 312 6734 6827
312 415 24602 24705
415 539 42620 42744

>ENST00000281038
0 141 386 527
141 251 3430 3540
251 372 6122 6243
372 513 8602 8743
513 594 15255 15336
594 689 45938 46033
689 822 81679 81812
822 921 96191 96290
921 959 96399 96437
959 1026 105561 105628
1026 1164 108861 108999
1164 1262 131116 131214
1262 1289 133757 133784
1289 1434 138060 138205

>ENSMUST00000150681
0 33 88499 88532
33 131 105943 106041
131 162 108281 108312

>ENSBTAT00000068325
0 75 1364 1439
75 133 2859 2917
133 226 5755 5848
226 329 19000 19103
329 432 41617 41720
432 513 44225 44306
513 573 45291 45351
573 685 46463 46575
685 820 47452 47587
820 968 49699 49847
968 1115 59323 59470
1115 1158 60579 60622
1158 1239 61751 61832
1239 1351 63505 63617
1351 1563 63796 64008

>ENSGALT00000090631
0 60 1348 1408
60 153 1515 1608
153 174 1754 1775
174 264 1990 2080
264 343 2808 2887
343 414 3643 3714
414 501 4303 4390
501 723 5549 5771
723 923 6142 6342
923 1059 6762 6898
1059 1173 7893 8007
1173 1305 8782 8914
1305 1437 9444 9576
1437 1569 10178 10310

>ENSBTAT00000013123
0 66 798 864
66 124 2859 2917
124 217 5755 5848
217 320 19000 19103
320 423 41617 41720
423 504 44225 44306
504 564 45291 45351
564 676 46463 46575
676 811 47452 47587
811 959 49699 49847
959 1106 59323 59470
1106 1149 60579 60622
1149 1230 61751 61832
1230 1342 63505 63617
1342 1414 63796 63868
1414 1506 65204 65296

>ENSBTAT00000079792
0 43 75 118
43 126 1469 1552
126 192 3726 3792
192 285 3892 3985
285 448 4067 4230
448 519 6160 6231
519 606 7620 7707
606 828 9201 9423
828 1028 9526 9726
1028 1164 10141 10277
1164 1278 12095 12209
1278 1410 14282 14414
1410 1542 14701 14833
1542 1674 15583 15715

>ENSGALT00000005721
0 130 0 130
130 230 508 608
230 297 2296 2363
297 399 2579 2681
399 495 3904 4000
495 619 4928 5052
619 666 5693 5740
666 773 8077 8184
773 843 8709 8779
843 1023 9366 9546
1023 1131 9914 10022
1131 1194 11386 11449
1194 1347 11647 11800
1347 1566 13030 13249
1566 1677 14075 14186
1677 1753 14375 14451
1753 1941 15697 15885

>ENST00000568378
0 146 4215 4361
146 204 20654 20712

>ENST00000648458
0 127 577 704
127 227 2034 2134
227 294 3680 3747
294 396 6007 6109
396 492 6882 6978
492 616 8723 8847
616 663 9820 9867
663 770 12287 12394
770 840 13537 13607
840 1020 14714 14894
1020 1128 16213 16321
1128 1191 20576 20639
1191 1344 25674 25827
1344 1449 27183 27288

>ENSCAFT00020025413
0 127 0 127
127 227 756 856
227 294 3225 3292
294 396 4984 5086
396 492 5476 5572
492 616 6803 6927
616 663 7649 7696
663 770 8839 8946
770 840 10076 10146
840 1020 11671 11851
1020 1128 12915 13023
1128 1191 15445 15508
1191 1344 20811 20964
1344 1563 23328 23547
1563 1699 23763 23899
1699 1959 26425 26685

>ENSMUST00000035430
0 124 542 666
124 224 1479 1579
224 291 5367 5434
291 393 7310 7412
393 489 7781 7877
489 613 9799 9923
613 660 10567 10614
660 767 13105 13212
767 837 14128 14198
837 1017 16538 16718
1017 1125 19220 19328
1125 1188 20658 20721
1188 1341 23729 23882
1341 1560 25182 25401
1560 1671 25589 25700
1671 1747 26970 27046
1747 1962 28728 28943

>ENSCAFT00020023605
0 66 122 188
66 124 2393 2451
124 217 5966 6059
217 320 15891 15994
320 423 40003 40106
423 504 42907 42988
504 564 44001 44061
564 676 45984 46096
676 811 46907 47042
811 959 49110 49258
959 1106 52180 52327
1106 1149 53948 53991
1149 1230 55626 55707
1230 1342 56771 56883
1342 1414 57070 57142
1414 1506 60215 60307

>ENSGALT00000020181
0 72 2027 2099
72 130 3272 3330
130 223 8112 8205
223 326 12500 12603
326 429 19968 20071
429 510 21261 21342
510 570 21805 21865
570 682 28584 28696
682 817 30215 30350
817 965 31471 31619
965 1112 32574 32721
1112 1155 33037 33080
1155 1236 33764 33845
1236 1348 34490 34602
1348 1420 35522 35594
1420 1512 37388 37480

>ENST00000528850
0 8 46025 46033
8 141 81679 81812
141 240 96191 96290
240 278 96399 96437
278 345 105561 105628
345 483 108861 108999
483 581 131116 131214
581 608 133757 133784
608 753 138060 138205

>ENSMUST00000236463
0 43 194 237
43 123 1247 1327
123 132 1788 1797

>ENST00000647730
0 127 577 704
127 227 2034 2134
227 243 6007 6023

>ENST00000647645
0 127 577 704
127 227 2034 2134
227 294 3680 3747
294 396 6007 6109
396 492 6882 6978
492 616 8723 8847
616 663 9820 9867
663 770 12287 12394
770 840 13537 13607
840 1020 14714 14894
1020 1128 16213 16321
1128 1281 25674 25827
1281 1500 28696 28915
1500 1611 29142 29253
1611 1687 32013 32089
1687 1875 32865 33053

>ENST00000649106
0 72 8775 8847
72 119 9820 9867
119 299 14714 14894
299 407 16213 16321
407 470 20576 20639
470 623 25674 25827
623 842 28696 28915
842 887 29142 29187

>ENST00000566772
0 162 12570 12732
162 315 12838 12991

>ENST00000471476
0 127 577 704
127 227 2034 2134
227 243 6007 6023

>ENSMUST00000211990
0 146 2971 3117
146 193 5535 5582

>ENSGALT00000088277
0 60 1348 1408
60 153 1515 1608
153 243 1990 2080
243 322 2808 2887
322 393 3643 3714
393 480 4303 4390
480 702 5549 5771
702 902 6142 6342
902 1038 6762 6898
1038 1152 7893 8007
1152 1284 8782 8914
1284 1416 9444 9576
1416 1548 10178 10310

>ENST00000540592
0 10 496 506
10 93 1562 1645
93 252 6238 6397
252 342 6483 6573
342 421 8533 8612
421 508 12770 12857
508 525 14548 14565

>ENSCAFT00020000425
0 141 77 218
141 251 4038 4148
251 372 5167 5288
372 513 7610 7751
513 594 14251 14332
594 689 56098 56193
689 822 83298 83431
822 921 87600 87699
921 959 87807 87845
959 1026 98238 98305
1026 1164 99848 99986
1164 1262 112956 113054
1262 1289 115579 115606
1289 1350 129342 129403

>ENSMUST00000025483
0 43 194 237
43 123 1247 1327
123 189 4603 4669
189 282 4775 4868
282 372 4952 5042
372 451 6121 6200
451 522 7337 7408
522 609 8794 8881
609 831 11274 11496
831 1031 11605 11805
1031 1167 12179 12315
1167 1281 13031 13145
1281 1413 14777 14909
1413 1545 15218 15350
1545 1677 16003 16135

>ENST00000588661
0 153 6244 6397
153 243 6483 6573
243 322 8533 8612
322 393 10506 10577
393 480 12770 12857
480 493 14548 14561

>ENSGALT00000051570
0 43 84 127
43 126 1096 1179
126 192 1342 1408
192 285 1515 1608
285 375 1990 2080
375 454 2808 2887
454 525 3643 3714
525 612 4303 4390
612 834 5549 5771
834 1034 6142 6342
1034 1170 6762 6898
1170 1284 7893 8007
1284 1416 8782 8914
1416 1548 9444 9576
1548 1680 10178 10310

>ENSCAFT00020030949
0 43 0 43
43 126 1654 1737
126 192 3484 3550
192 285 3650 3743
285 375 3830 3920
375 454 5222 5301
454 525 6110 6181
525 612 8859 8946
612 834 10148 10370
834 1034 10483 10683
1034 1170 11106 11242
1170 1284 12187 12301
1284 1416 14388 14520
1416 1548 14849 14981
1548 1680 16088 16220

>ENSMUST00000237400
0 43 194 237
43 126 1244 1327
126 192 4603 4669
192 285 4775 4868
285 375 4952 5042
375 454 6121 6200
454 525 7337 7408
525 612 8794 8881
612 834 11274 11496
834 1034 11605 11805
1034 1170 12179 12315
1170 1284 13031 13145
1284 1416 14777 14909
1416 1548 15218 15350
1548 1680 16003 16135

>ENSCAFT00020025410
0 127 0 127
127 227 756 856
227 294 3225 3292
294 396 4984 5086
396 492 5476 5572
492 616 6803 6927
616 663 7649 7696
663 770 8839 8946
770 840 10076 10146
840 1020 11671 11851
1020 1128 12915 13023
1128 1191 15445 15508
1191 1344 20811 20964
1344 1563 23328 23547
1563 1674 23763 23874
1674 1750 25406 25482
1750 1965 26470 26685

>ENST00000319410
0 146 4215 4361
146 306 6920 7080
306 472 8294 8460
472 566 12096 12190
566 753 12545 12732
753 879 12838 12964
879 999 14351 14471
999 1162 16788 16951
1162 1336 17054 17228
1336 1422 17390 17476
1422 1508 18135 18221
1508 1635 19102 19229
1635 1779 19931 20075
1779 1878 20650 20749

>ENSMUST00000237369
0 43 194 237
43 126 1244 1327
126 192 4603 4669
192 213 4754 4775

>ENSGALT00000078918
0 138 97 235
138 248 4266 4376
248 369 5337 5458
369 510 6173 6314
510 591 9321 9402
591 692 18340 18441
692 825 31459 31592
825 924 39306 39405
924 962 39820 39858
962 1029 41744 41811
1029 1167 43356 43494
1167 1265 44224 44322
1265 1292 46328 46355
1292 1437 51892 52037

>ENST00000256854
0 10 496 506
10 93 1562 1645
93 252 6238 6397
252 342 6483 6573
342 421 8533 8612
421 492 10506 10577
492 579 12770 12857
579 801 14548 14770
801 1001 14880 15080
1001 1137 15462 15598
1137 1251 16243 16357
1251 1383 19270 19402
1383 1515 19727 19859
1515 1647 20430 20562

>ENSCAFT00020025393
0 128 728 856
128 195 3225 3292
195 297 4984 5086
297 393 5476 5572
393 517 6803 6927
517 564 7649 7696
564 671 8839 8946
671 741 10076 10146
741 921 11671 11851
921 1029 12915 13023
1029 1092 15445 15508
1092 1245 20811 20964
1245 1464 23328 23547
1464 1575 23763 23874
1575 1651 25406 25482
1651 1797 26470 26616
1797 1857 28013 28073

>ENST00000525345
0 136 8607 8743
136 217 15255 15336
217 312 45938 46033
312 319 96191 96198

>ENST00000649067
0 127 577 704
127 227 2034 2134
227 294 3680 3747
294 396 6007 6109
396 492 6882 6978
492 616 8723 8847
616 663 9820 9867
663 770 12287 12394
770 840 13537 13607
840 1020 14714 14894
1020 1128 16213 16321
1128 1191 20576 20639
1191 1410 28696 28915
1410 1521 29142 29253
1521 1620 32013 32112

>ENST00000566249
0 30 1036 1066
30 190 6920 7080
190 259 12096 12165

>ENSMUST00000064309
0 66 151 217
66 124 1957 2015
124 217 3616 3709
217 264 4974 5021

>ENSMUST00000044466
0 141 299 440
141 251 4439 4549
251 372 6570 6691
372 513 8166 8307
513 594 21977 22058
594 689 51293 51388
689 822 72113 72246
822 921 79833 79932
921 959 80041 80079
959 1026 83726 83793
1026 1164 88394 88532
1164 1262 105943 106041
1262 1289 108281 108308
1289 1434 111064 111209

>ENSMUST00000236873
0 43 194 237
43 123 1247 1327
123 189 4603 4669
189 282 4775 4868
282 372 4952 5042
372 384 7337 7349

>ENSCAFT00000023062
0 121 1469 1590
121 221 2219 2319
221 288 4690 4757
288 390 6455 6557
390 486 6947 7043
486 610 8273 8397
610 657 9119 9166
657 764 10308 10415
764 834 11544 11614
834 1014 13139 13319
1014 1122 14383 14491
1122 1185 16909 16972
1185 1338 22286 22439
1338 1557 24802 25021
1557 1668 25237 25348
1668 1744 26892 26968
1744 1959 27955 28170

>ENST00000586807
0 10 496 506
10 93 1562 1645
93 252 6238 6397
252 342 6483 6573
342 352 8533 8543
352 392 14730 14770
392 411 14880 14899

>ENSGALT00000050094
0 25 3305 3330
25 118 8112 8205
118 221 12500 12603
221 324 19968 20071
324 405 21261 21342
405 465 21805 21865
465 577 28584 28696
577 712 30215 30350
712 860 31471 31619
860 1007 32574 32721
1007 1050 33037 33080
1050 1131 33764 33845
1131 1243 34490 34602
1243 1315 35522 35594
1315 1407 37388 37480

>ENST00000456565
0 25 2679 2704
25 118 6734 6827
118 221 24602 24705
221 324 42620 42723
324 405 52110 52191
405 465 53258 53318
465 530 61602 61667

>ENST00000648807
0 127 577 704
127 227 2034 2134
227 294 3680 3747
294 396 6007 6109
396 492 6882 6978
492 616 8723 8847
616 663 9820 9867
663 770 12287 12394
770 840 13537 13607
840 1020 14714 14894
1020 1128 16213 16321
1128 1191 20576 20639
1191 1410 28696 28915
1410 1521 29142 29253
1521 1597 32013 32089
1597 1785 32865 33053

>ENST00000264161
0 66 632 698
66 124 2646 2704
124 217 6734 6827
217 320 24602 24705
320 423 42620 42723
423 504 52110 52191
504 564 53258 53318
564 676 61602 61714
676 811 63182 63317
811 959 65500 65648
959 1106 69728 69875
1106 1149 71589 71632
1149 1230 73534 73615
1230 1342 74607 74719
1342 1414 74890 74962
1414 1506 78693 78785

>ENST00000564578
0 146 4215 4361
146 306 6920 7080
306 375 12096 12165

>ENST00000648960
0 127 577 704
127 227 2034 2134
227 294 3680 3747
294 396 6007 6109
396 492 6882 6978
492 616 8723 8847
616 663 9820 9867
663 770 12287 12394
770 840 13537 13607
840 1020 14714 14894
1020 1128 16213 16321
1128 1191 20576 20639
1191 1267 32013 32089
1267 1455 32865 33053

>ENST00000422708
0 101 65547 65648
101 248 69728 69875
248 291 71589 71632
291 403 74607 74719
403 475 74890 74962
475 567 78693 78785

>ENST00000302445
0 62 1004 1066
62 222 6920 7080
222 388 8294 8460
388 482 12096 12190
482 669 12545 12732
669 795 12838 12964
795 915 14351 14471
915 1078 16788 16951
1078 1252 17054 17228
1252 1338 17390 17476
1338 1424 18135 18221
1424 1551 19102 19229
1551 1695 19931 20075
1695 1794 20650 20749

>ENST00000648271
0 127 577 704
127 227 2034 2134
227 243 6007 6023

>ENSMUST00000236583
0 43 194 237
43 108 4603 4668

