>ENST00000469373
0 78 118280 118358
78 219 127054 127195
219 368 129227 129376
368 493 146556 146681

>ENST00000492720
0 995 71596 72591
995 1123 86213 86341
1123 1245 88283 88405
1245 1446 99985 100186
1446 1540 104255 104349
1540 1591 105180 105231
1591 1779 106720 106908
1779 1889 114176 114286
1889 1959 115781 115851
1959 2037 118280 118358
2037 2178 127054 127195
2178 2388 129227 129437

>ENST00000526126
0 80 160251 160331
80 220 184742 184882

>ENSBTAT00000070142
0 58 974 1032
58 234 5596 5772
234 347 6650 6763
347 417 7447 7517
417 495 8200 8278
495 636 9553 9694
636 785 11817 11966
785 963 15165 15343
963 1005 18407 18449
1005 1090 18809 18894
1090 1330 19232 19472
1330 1407 19943 20020

>ENST00000526241
0 80 160251 160331
80 429 179742 180091

>ENSCAFT00020032568
0 293 0 293
293 1463 3959 5129
1463 1591 14808 14936
1591 1713 15759 15881
1713 1914 26323 26524
1914 2008 29803 29897
2008 2059 30662 30713
2059 2247 32051 32239
2247 2357 38474 38584
2357 2427 39754 39824
2427 2505 41409 41487
2505 2646 45452 45593
2646 2795 46973 47122
2795 3132 59307 59644

>ENST00000475837
0 114 88291 88405
114 315 99985 100186
315 319 104255 104259

>ENSGALT00000104435
0 80 64638 64718
80 1292 87716 88928
1292 1429 91975 92112
1429 1578 102369 102518
1578 1794 105364 105580
1794 1891 108110 108207
1891 1936 109098 109143
1936 2121 112256 112441
2121 2231 113091 113201
2231 2301 114688 114758
2301 2379 122371 122449
2379 2520 125957 126098
2520 2669 128495 128644
2669 2847 141694 141872
2847 2889 142823 142865
2889 3001 143820 143932
3001 3390 144883 145272

>ENST00000531578
0 83 160251 160334

>ENSCAFT00000015090
0 830 193 1023
830 967 1768 1905
967 1080 2298 2411
1080 1251 3103 3274
1251 1348 7631 7728
1348 1393 12957 13002
1393 1581 15045 15233
1581 1691 17941 18051
1691 1761 19861 19931
1761 1839 20427 20505
1839 1980 21039 21180
1980 2129 21939 22088
2129 2307 23017 23195
2307 2349 28128 28170
2349 2455 29079 29185
2455 2692 35054 35291
2692 2779 35544 35631
2779 2811 37215 37247

>ENST00000393276
0 806 44438 45244
806 943 46779 46916
943 1056 47323 47436
1056 1153 51940 52037
1153 1198 59305 59350
1198 1386 61549 61737
1386 1496 65391 65501
1496 1566 68228 68298
1566 1644 68837 68915
1644 1785 69462 69603
1785 1934 70070 70219
1934 2112 70971 71149
2112 2154 74549 74591
2154 2260 75844 75950
2260 2497 82470 82707
2497 2584 82949 83036
2584 2616 84791 84823

>ENST00000526757
0 80 160251 160331
80 217 184742 184879
217 369 193059 193211
369 585 195133 195349
585 682 196245 196342
682 727 196909 196954
727 912 198216 198401
912 1022 199720 199830
1022 1092 200037 200107
1092 1170 203097 203175
1170 1311 203726 203867
1311 1460 208231 208380
1460 1638 211561 211739
1638 1680 211977 212019
1680 1792 213315 213427
1792 2032 214285 214525
2032 2119 215402 215489
2119 2154 216821 216856

>ENSCAFT00020000926
0 830 0 830
830 967 1575 1712
967 1080 2105 2218
1080 1251 2909 3080
1251 1348 7672 7769
1348 1393 13000 13045
1393 1581 15088 15276
1581 1691 17984 18094
1691 1761 19904 19974
1761 1839 20470 20548
1839 1980 21082 21223
1980 2129 21982 22131
2129 2307 23058 23236
2307 2349 28173 28215
2349 2455 29123 29229
2455 2692 35105 35342
2692 2779 35595 35682
2779 2811 37264 37296

>ENST00000528196
0 80 160251 160331
80 217 184742 184879
217 369 193059 193211
369 449 195133 195213

>ENSMUST00000183271
0 88 3828 3916
88 264 4468 4644
264 377 5446 5559
377 447 6167 6237
447 525 7930 8008
525 666 8821 8962
666 815 10024 10173
815 993 12426 12604
993 1035 16413 16455
1035 1120 16816 16901
1120 1360 17350 17590
1360 1431 18131 18202

>ENSMUST00000208734
0 83 133519 133602

>ENST00000531060
0 96 193115 193211
96 438 195133 195475

>ENST00000533471
0 80 160251 160331
80 225 179742 179887

>ENST00000527473
0 80 160251 160331
80 253 179742 179915

>ENST00000369752
0 58 182 240
58 234 4737 4913
234 347 5793 5906
347 417 6546 6616
417 495 7282 7360
495 636 8479 8620
636 785 9809 9958
785 963 12218 12396
963 1005 15282 15324
1005 1090 15749 15834
1090 1330 16165 16405
1330 1407 16854 16931

>ENST00000530938
0 80 160251 160331
80 225 179742 179887

>ENST00000530338
0 170 198231 198401
170 276 199720 199826
276 296 199994 200014

>ENST00000527510
0 80 160251 160331
80 217 184742 184879
217 369 193059 193211
369 416 195153 195200

>ENST00000527930
0 65 144250 144315
65 170 160226 160331
170 552 179742 180124

>ENST00000533020
0 45 193166 193211
45 261 195133 195349
261 358 196245 196342
358 403 196909 196954
403 588 198216 198401
588 698 199720 199830
698 768 200037 200107
768 846 203097 203175
846 987 203726 203867
987 1037 208231 208281

>ENST00000534278
0 3 203038 203041
3 144 203726 203867
144 293 208231 208380
293 471 211561 211739
471 513 211977 212019
513 625 213315 213427
625 865 214285 214525
865 952 215402 215489
952 987 216821 216856

>ENST00000534127
0 80 160251 160331
80 1340 179742 181002
1340 1477 184742 184879
1477 1629 193059 193211
1629 1845 195133 195349
1845 1942 196245 196342
1942 1987 196909 196954
1987 2172 198216 198401
2172 2282 199720 199830
2282 2352 200037 200107
2352 2430 203097 203175
2430 2571 203726 203867
2571 2720 208231 208380
2720 2898 211561 211739
2898 2940 211977 212019
2940 3052 213315 213427
3052 3292 214285 214525
3292 3379 215402 215489
3379 3414 216821 216856

>ENST00000393274
0 806 44438 45244
806 943 46779 46916
943 1056 47323 47436
1056 1227 48357 48528
1227 1324 51940 52037
1324 1369 59305 59350
1369 1557 61549 61737
1557 1667 65391 65501
1667 1737 68228 68298
1737 1815 68837 68915
1815 1956 69462 69603
1956 2105 70070 70219
2105 2283 70971 71149
2283 2325 74549 74591
2325 2431 75844 75950
2431 2668 82470 82707
2668 2755 82949 83036
2755 2787 84791 84823

>ENSBTAT00000074469
0 824 51946 52770
824 961 54101 54238
961 1074 54628 54741
1074 1245 55519 55690
1245 1342 61966 62063
1342 1387 66446 66491
1387 1575 68337 68525
1575 1685 71577 71687
1685 1755 73286 73356
1755 1833 73882 73960
1833 1974 74571 74712
1974 2123 75178 75327
2123 2301 75793 75971
2301 2343 82007 82049
2343 2449 83182 83288
2449 2689 89683 89923
2689 2811 90168 90290

>ENSMUST00000029508
0 58 251 309
58 234 4468 4644
234 347 5446 5559
347 417 6167 6237
417 495 7930 8008
495 636 8821 8962
636 785 10024 10173
785 963 12426 12604
963 1005 16413 16455
1005 1090 16816 16901
1090 1330 17350 17590
1330 1401 18131 18202

>ENSMUST00000173206
0 794 28934 29728
794 925 30611 30742
925 1038 31135 31248
1038 1135 38455 38552
1135 1180 43908 43953
1180 1362 46437 46619
1362 1472 49689 49799
1472 1542 51033 51103
1542 1620 51884 51962
1620 1761 53436 53577
1761 1910 54198 54347
1910 2088 55040 55218
2088 2130 58944 58986
2130 2236 60387 60493
2236 2473 62404 62641
2473 2560 63809 63896
2560 2592 65167 65199

>ENST00000534665
0 80 160251 160331
80 93 179742 179755

>ENSBTAT00000033630
0 1028 3666 4694
1028 1156 19689 19817
1156 1278 21330 21452
1278 1479 28164 28365
1479 1573 33846 33940
1573 1624 34320 34371
1624 1812 35494 35682
1812 1922 40983 41093
1922 1992 42318 42388
1992 2070 43519 43597
2070 2211 46947 47088
2211 2360 49193 49342
2360 2538 61632 61810
2538 2580 63559 63601
2580 2698 66396 66514
2698 2950 66895 67147
2950 3037 68547 68634
3037 3069 69489 69521

>ENSCAFT00000031424
0 88 0 88
88 258 678 848
258 371 1709 1822
371 441 2527 2597
441 519 3312 3390
519 660 4430 4571
660 809 5569 5718
809 987 9124 9302
987 1029 12240 12282
1029 1114 12682 12767
1114 1354 13065 13305
1354 1431 13730 13807

>ENSMUST00000207394
0 80 133519 133599
80 289 146144 146353

>ENST00000525169
0 80 160251 160331
80 123 179742 179785

>ENSMUST00000208583
0 80 133519 133599
80 306 146144 146370

>ENST00000532734
0 65 144250 144315
65 170 160226 160331
170 307 184742 184879
307 459 193059 193211
459 675 195133 195349
675 772 196245 196342
772 817 196909 196954
817 1002 198216 198401
1002 1071 198915 198984

>ENST00000275884
0 995 71596 72591
995 1123 86213 86341
1123 1245 88283 88405
1245 1446 99985 100186
1446 1540 104255 104349
1540 1591 105180 105231
1591 1779 106720 106908
1779 1889 114176 114286
1889 1959 115781 115851
1959 2037 118280 118358
2037 2178 127054 127195
2178 2327 129227 129376
2327 2505 146498 146676
2505 2547 148201 148243
2547 2665 150569 150687
2665 2911 151893 152139
2911 2998 154275 154362
2998 3030 155255 155287

>ENSGALT00000101036
0 349 0 349
349 534 2155 2340
534 647 2510 2623
647 717 2705 2775
717 795 3621 3699
795 936 3784 3925
936 1085 5534 5683
1085 1263 5760 5938
1263 1305 6103 6145
1305 1396 6544 6635
1396 1878 6759 7241

>ENSGALT00000020969
0 71 28 99
71 1283 1782 2994
1283 1411 4535 4663
1411 1447 7229 7265
1447 1569 7857 7979
1569 1767 10956 11154
1767 1861 12343 12437
1861 1912 13694 13745
1912 2100 16247 16435
2100 2210 17151 17261
2210 2280 17477 17547
2280 2358 18177 18255
2358 2499 18764 18905
2499 2648 22860 23009
2648 2826 30642 30820
2826 2868 31181 31223
2868 2986 32546 32664
2986 3226 33232 33472
3226 3313 34389 34476
3313 3345 37272 37304

>ENSBTAT00000026865
0 88 4932 5020
88 264 5596 5772
264 377 6650 6763
377 447 7447 7517
447 525 8200 8278
525 666 9553 9694
666 815 11817 11966
815 993 15165 15343
993 1035 18407 18449
1035 1120 18809 18894
1120 1360 19232 19472
1360 1437 19943 20020

>ENSCAFT00000006338
0 1040 17051 18091
1040 1168 27771 27899
1168 1290 28721 28843
1290 1491 39293 39494
1491 1585 42773 42867
1585 1636 43643 43694
1636 1824 45034 45222
1824 1934 51454 51564
1934 2004 52734 52804
2004 2082 54390 54468
2082 2223 58454 58595
2223 2372 59975 60124
2372 2550 72311 72489
2550 2592 73940 73982
2592 2710 82014 82132
2710 2956 82707 82953
2956 3043 84640 84727
3043 3075 85788 85820

>ENST00000533225
0 80 160251 160331
80 217 184742 184879
217 231 193059 193073

>ENSGALT00000079220
0 71 28 99
71 1283 1782 2994
1283 1411 4535 4663
1411 1533 7857 7979
1533 1731 10956 11154
1731 1825 12343 12437
1825 1876 13694 13745
1876 2064 16247 16435
2064 2174 17151 17261
2174 2244 17477 17547
2244 2322 18177 18255
2322 2463 18764 18905
2463 2612 22860 23009
2612 2790 30642 30820
2790 2832 31181 31223
2832 2950 32546 32664
2950 3190 33232 33472
3190 3277 34389 34476
3277 3309 37272 37304

>ENSBTAT00000087068
0 1028 3666 4694
1028 1156 19689 19817
1156 1278 21330 21452
1278 1372 33846 33940
1372 1423 34320 34371
1423 1611 35494 35682
1611 1721 40983 41093
1721 1791 42318 42388
1791 1869 43519 43597
1869 2010 46947 47088
2010 2159 49193 49342
2159 2337 61632 61810
2337 2379 63559 63601
2379 2497 66396 66514
2497 2749 66895 67147
2749 2836 68547 68634
2836 2868 69489 69521

>ENST00000530593
0 45 193166 193211
45 261 195133 195349
261 358 196245 196342
358 543 198216 198401
543 656 199720 199833

>ENSCAFT00000011194
0 80 46918 46998
80 1325 64428 65673
1325 1462 69034 69171
1462 1614 76664 76816
1614 1830 78256 78472
1830 1927 79413 79510
1927 1972 80085 80130
1972 2157 81133 81318
2157 2267 82783 82893
2267 2337 83108 83178
2337 2415 85957 86035
2415 2556 86606 86747
2556 2705 90987 91136
2705 2883 94867 95045
2883 2925 95340 95382
2925 3037 96341 96453
3037 3277 97194 97434
3277 3364 98286 98373
3364 3399 99010 99045

>ENSCAFT00020000929
0 830 0 830
830 967 1575 1712
967 1080 2105 2218
1080 1177 7672 7769
1177 1222 13000 13045
1222 1410 15088 15276
1410 1520 17984 18094
1520 1590 19904 19974
1590 1668 20470 20548
1668 1809 21082 21223
1809 1958 21982 22131
1958 2136 23058 23236
2136 2178 28173 28215
2178 2284 29123 29229
2284 2521 35105 35342
2521 2608 35595 35682
2608 2640 37264 37296

>ENST00000477488
0 239 71596 71835

>ENSBTAT00000082276
0 80 62683 62763
80 1340 87437 88697
1340 1477 92633 92770
1477 1629 103702 103854
1629 1845 105168 105384
1845 1942 106320 106417
1942 1987 107058 107103
1987 2172 108083 108268
2172 2282 109337 109447
2282 2352 109639 109709
2352 2430 112716 112794
2430 2571 113316 113457
2571 2720 116976 117125
2720 2898 120798 120976
2898 2940 121241 121283
2940 3052 122833 122945
3052 3292 124286 124526
3292 3379 125348 125435
3379 3414 125981 126016

>ENSCAFT00020015002
0 80 158977 159057
80 1325 176463 177708
1325 1462 181067 181204
1462 1614 188696 188848
1614 1830 190288 190504
1830 1927 191445 191542
1927 1972 192117 192162
1972 2157 193165 193350
2157 2267 194815 194925
2267 2337 195140 195210
2337 2415 197981 198059
2415 2556 198630 198771
2556 2705 203033 203182
2705 2883 206912 207090
2883 2925 207388 207430
2925 3037 208389 208501
3037 3277 209242 209482
3277 3364 210334 210421
3364 3399 211055 211090

>ENST00000528527
0 45 193166 193211
45 261 195133 195349
261 358 196245 196342
358 403 196909 196954
403 542 198216 198355

>ENSGALT00000050891
0 80 64638 64718
80 1292 87716 88928
1292 1429 91975 92112
1429 1578 102369 102518
1578 1794 105364 105580
1794 1891 108110 108207
1891 1936 109098 109143
1936 2121 112256 112441
2121 2231 113091 113201
2231 2301 114688 114758
2301 2379 122371 122449
2379 2520 125957 126098
2520 2669 128495 128644
2669 2847 141694 141872
2847 2889 142823 142865
2889 3001 143820 143932
3001 3241 144883 145123
3241 3328 145262 145349
3328 3363 145733 145768

>ENST00000491728
0 476 71596 72072

>ENST00000537639
0 995 71596 72591
995 1123 86213 86341
1123 1245 88283 88405
1245 1446 99985 100186
1446 1540 104255 104349
1540 1591 105180 105231
1591 1779 106720 106908
1779 1889 114176 114286
1889 1959 115781 115851
1959 2037 118280 118358
2037 2178 127054 127195
2178 2327 129227 129376
2327 2505 146498 146676
2505 2547 148201 148243
2547 2665 150569 150687
2665 2911 151893 152139
2911 2998 154275 154362
2998 3030 155255 155287

>ENST00000489552
0 275 71596 71871

>ENST00000461883
0 995 71596 72591
995 1123 86213 86341
1123 1245 88283 88405
1245 1446 99985 100186
1446 1540 104255 104349
1540 1591 105180 105231
1591 1779 106720 106908
1779 1889 114176 114286
1889 1959 115781 115851
1959 2037 118280 118358
2037 2178 127054 127195
2178 2327 129227 129376
2327 2447 146556 146676
2447 2489 148201 148243
2489 2595 150569 150675

>ENSBTAT00000007048
0 23 52144 52167
23 128 62658 62763
128 1388 87437 88697
1388 1525 92633 92770
1525 1677 103702 103854
1677 1893 105168 105384
1893 1990 106320 106417
1990 2035 107058 107103
2035 2220 108083 108268
2220 2330 109337 109447
2330 2400 109639 109709
2400 2478 112716 112794
2478 2619 113316 113457
2619 2768 116976 117125
2768 2946 120798 120976
2946 2988 121241 121283
2988 3100 122833 122945
3100 3340 124286 124526
3340 3427 125348 125435
3427 3462 125981 126016

>ENSCAFT00000015094
0 593 430 1023
593 730 1768 1905
730 843 2298 2411
843 940 7631 7728
940 985 12957 13002
985 1173 15045 15233
1173 1283 17941 18051
1283 1353 19861 19931
1353 1431 20427 20505
1431 1572 21039 21180
1572 1721 21939 22088
1721 1899 23017 23195
1899 1941 28128 28170
1941 2047 29079 29185
2047 2284 35054 35291
2284 2371 35544 35631
2371 2403 37215 37247

>ENSMUST00000149225
0 58 251 309
58 132 660 734

>ENST00000524757
0 80 160251 160331
80 175 179742 179837

>ENST00000527392
0 80 160251 160331
80 163 179742 179825

>ENSCAFT00020014994
0 80 158977 159057
80 1325 176463 177708
1325 1462 181067 181204
1462 1614 188696 188848
1614 1830 190288 190504
1830 1927 191445 191542
1927 1972 192117 192162
1972 2157 193165 193350
2157 2267 194815 194925
2267 2337 195140 195210
2337 2415 197981 198059
2415 2556 198630 198771
2556 2705 203033 203182
2705 2883 206912 207090
2883 2925 207388 207430
2925 3037 208389 208501
3037 3277 209242 209482
3277 3364 210334 210421
3364 3399 211055 211090

>ENST00000530991
0 45 193166 193211
45 261 195133 195349
261 358 196245 196342
358 403 196909 196954
403 588 198216 198401
588 698 199720 199830
698 768 200037 200107
768 846 203097 203175
846 987 203726 203867
987 1136 208231 208380
1136 1314 211561 211739
1314 1356 211977 212019
1356 1468 213315 213427
1468 1708 214285 214525
1708 1795 215402 215489
1795 1830 216821 216856

>ENSMUST00000077909
0 80 133519 133599
80 1331 146144 147395
1331 1468 150494 150631
1468 1620 158377 158529
1620 1836 161070 161286
1836 1933 162173 162270
1933 1978 163169 163214
1978 2163 163759 163944
2163 2273 164562 164672
2273 2343 165260 165330
2343 2421 168234 168312
2421 2562 168831 168972
2562 2711 172375 172524
2711 2889 175814 175992
2889 2931 176220 176262
2931 3043 177268 177380
3043 3283 177827 178067
3283 3370 178256 178343
3370 3405 178925 178960

>ENSGALT00000000210
0 349 0 349
349 534 2155 2340
534 647 2510 2623
647 717 2705 2775
717 795 3621 3699
795 936 3784 3925
936 1085 5534 5683
1085 1263 5760 5938
1263 1305 6103 6145
1305 1396 6544 6635
1396 1636 6759 6999
1636 1698 7499 7561

>ENST00000530959
0 80 160251 160331
80 422 179742 180084

>ENSMUST00000168005
0 80 133519 133599
80 217 150494 150631
217 369 158377 158529
369 585 161070 161286
585 682 162173 162270
682 727 163169 163214
727 912 163759 163944
912 1022 164562 164672
1022 1092 165260 165330
1092 1170 168234 168312
1170 1311 168831 168972
1311 1460 172375 172524
1460 1638 175814 175992
1638 1680 176220 176262
1680 1792 177268 177380
1792 2032 177827 178067
2032 2119 178256 178343
2119 2154 178925 178960

>ENSBTAT00000033639
0 806 51964 52770
806 943 54101 54238
943 1056 54628 54741
1056 1153 61966 62063
1153 1198 66446 66491
1198 1386 68337 68525
1386 1496 71577 71687
1496 1566 73286 73356
1566 1644 73882 73960
1644 1785 74571 74712
1785 1934 75178 75327
1934 2112 75793 75971
2112 2154 82007 82049
2154 2260 83182 83288
2260 2497 89686 89923
2497 2584 90168 90255
2584 2616 91304 91336

>ENSGALT00000009535
0 80 64638 64718
80 1292 87716 88928
1292 1429 91975 92112
1429 1578 102369 102518
1578 1794 105364 105580
1794 1891 108110 108207
1891 1936 109098 109143
1936 2121 112256 112441
2121 2231 113091 113201
2231 2301 114688 114758
2301 2379 122371 122449
2379 2520 125957 126098
2520 2669 128495 128644
2669 2847 141694 141872
2847 2889 142823 142865
2889 3001 143820 143932
3001 3241 144883 145123
3241 3328 145262 145349
3328 3363 145733 145768

>ENST00000531093
0 80 160251 160331
80 217 184742 184879
217 234 193059 193076

>ENST00000533580
0 26 153880 153906
26 131 160226 160331
131 469 179742 180080

>ENSCAFT00020032583
0 1040 4089 5129
1040 1168 14808 14936
1168 1290 15759 15881
1290 1491 26323 26524
1491 1585 29803 29897
1585 1636 30662 30713
1636 1824 32051 32239
1824 1934 38474 38584
1934 2004 39754 39824
2004 2082 41409 41487
2082 2223 45452 45593
2223 2449 46973 47199
2449 2486 59448 59485
2486 2619 69282 69415

>ENST00000526057
0 45 193166 193211
45 144 195133 195232

>ENST00000357640
0 67 4076 4143
67 243 4737 4913
243 356 5793 5906
356 426 6546 6616
426 504 7282 7360
504 645 8479 8620
645 794 9809 9958
794 972 12218 12396
972 1014 15282 15324
1014 1099 15749 15834
1099 1339 16165 16405
1339 1416 16854 16931

>ENST00000393277
0 806 44438 45244
806 943 46779 46916
943 1056 47323 47436
1056 1227 48357 48528
1227 1324 51940 52037
1324 1369 59305 59350
1369 1557 61549 61737
1557 1667 65391 65501
1667 1737 68228 68298
1737 1815 68837 68915
1815 1956 69462 69603
1956 2105 70070 70219
2105 2283 70971 71149
2283 2325 74549 74591
2325 2431 75844 75950
2431 2668 82470 82707
2668 2755 82949 83036
2755 2787 84791 84823

>ENST00000526828
0 80 160251 160331
80 160 179742 179822

>ENST00000534248
0 80 160251 160331
80 371 179742 180033

>ENSMUST00000079282
0 80 133519 133599
80 1331 146144 147395
1331 1468 150494 150631
1468 1620 158377 158529
1620 1836 161070 161286
1836 1933 162173 162270
1933 1978 163169 163214
1978 2163 163759 163944
2163 2273 164562 164672
2273 2343 165260 165330
2343 2421 168234 168312
2421 2562 168831 168972
2562 2711 172375 172524
2711 2889 175814 175992
2889 2931 176220 176262
2931 3043 177268 177380
3043 3283 177827 178067
3283 3370 178256 178343
3370 3405 178925 178960

>ENST00000526062
0 86 208294 208380
86 242 210939 211095
242 334 211561 211653

>ENSMUST00000036877
0 974 34238 35212
974 1102 49498 49626
1102 1224 51045 51167
1224 1425 60693 60894
1425 1519 62597 62691
1519 1570 63163 63214
1570 1758 64681 64869
1758 1868 68991 69101
1868 1938 69978 70048
1938 2016 72231 72309
2016 2157 74714 74855
2157 2306 77518 77667
2306 2484 87491 87669
2484 2526 89053 89095
2526 2644 92166 92284
2644 2884 92577 92817
2884 2971 93569 93656
2971 3003 94416 94448

>ENST00000526099
0 16 192577 192593
16 168 193059 193211
168 384 195133 195349
384 481 196245 196342
481 526 196909 196954
526 711 198216 198401
711 821 199720 199830
821 891 200037 200107
891 969 203097 203175
969 1110 203726 203867
1110 1259 208231 208380
1259 1437 211561 211739
1437 1479 211977 212019
1479 1591 213315 213427
1591 1831 214285 214525
1831 1918 215402 215489
1918 1953 216821 216856

>ENST00000530580
0 80 160251 160331
80 217 184742 184879
217 369 193059 193211
369 410 195133 195174

>ENSCAFT00020013664
0 58 101 159
58 228 4716 4886
228 341 5747 5860
341 411 6565 6635
411 489 7350 7428
489 630 8468 8609
630 779 9607 9756
779 957 13162 13340
957 999 16279 16321
999 1084 16721 16806
1084 1324 17104 17344
1324 1401 17769 17846

>ENST00000526155
0 80 160251 160331
80 376 179742 180038

>ENSCAFT00020032581
0 1040 4089 5129
1040 1168 14808 14936
1168 1290 15759 15881
1290 1491 26323 26524
1491 1585 29803 29897
1585 1636 30662 30713
1636 1824 32051 32239
1824 1934 38474 38584
1934 2004 39754 39824
2004 2082 41409 41487
2082 2223 45452 45593
2223 2372 46973 47122
2372 2550 59307 59485
2550 2592 60936 60978
2592 2710 69219 69337
2710 2956 69912 70158
2956 3043 71846 71933
3043 3075 72994 73026

>ENST00000496613
0 995 71596 72591
995 1123 86213 86341
1123 1245 88283 88405
1245 1446 99985 100186
1446 1540 104255 104349
1540 1591 105180 105231
1591 1779 106720 106908
1779 1889 114176 114286
1889 1959 115781 115851
1959 2037 118280 118358
2037 2178 127054 127195
2178 2327 129227 129376
2327 2505 146498 146676
2505 2547 148201 148243
2547 2665 150569 150687
2665 2911 151893 152139
2911 2998 154275 154362
2998 3030 155255 155287

>ENSMUST00000207745
0 80 133519 133599
80 182 150494 150596

>ENST00000528523
0 80 160251 160331
80 465 179742 180127

>ENSMUST00000154149
0 974 34238 35212
974 1102 49498 49626
1102 1224 51045 51167
1224 1265 60693 60734

>ENST00000533681
0 80 160251 160331
80 436 179742 180098

>ENST00000530438
0 80 160251 160331
80 217 184742 184879
217 369 193059 193211
369 585 195133 195349
585 682 196245 196342
682 727 196909 196954
727 912 198216 198401
912 1022 199720 199830
1022 1092 200037 200107
1092 1170 203097 203175
1170 1311 203726 203867
1311 1460 208231 208380
1460 1638 211561 211739
1638 1680 211977 212019
1680 1792 213315 213427
1792 2032 214285 214525
2032 2119 215402 215489
2119 2154 216821 216856

>ENSCAFT00020013669
0 88 4038 4126
88 258 4716 4886
258 371 5747 5860
371 441 6565 6635
441 519 7350 7428
519 660 8468 8609
660 809 9607 9756
809 987 13162 13340
987 1029 16279 16321
1029 1114 16721 16806
1114 1354 17104 17344
1354 1431 17769 17846

>ENST00000313726
0 80 160251 160331
80 1340 179742 181002
1340 1477 184742 184879
1477 1629 193059 193211
1629 1845 195133 195349
1845 1942 196245 196342
1942 1987 196909 196954
1987 2172 198216 198401
2172 2282 199720 199830
2282 2352 200037 200107
2352 2430 203097 203175
2430 2571 203726 203867
2571 2720 208231 208380
2720 2898 211561 211739
2898 2940 211977 212019
2940 3052 213315 213427
3052 3292 214285 214525
3292 3379 215402 215489
3379 3414 216821 216856

>ENSMUST00000172288
0 794 28934 29728
794 925 30611 30742
925 1038 31135 31248
1038 1209 34539 34710
1209 1306 38455 38552
1306 1351 43908 43953
1351 1533 46437 46619
1533 1643 49689 49799
1643 1713 51033 51103
1713 1791 51884 51962
1791 1932 53436 53577
1932 2081 54198 54347
2081 2259 55040 55218
2259 2301 58944 58986
2301 2407 60387 60493
2407 2644 62404 62641
2644 2731 63809 63896
2731 2763 65167 65199

>ENSMUST00000084738
0 80 133519 133599
80 217 150494 150631
217 369 158377 158529
369 585 161070 161286
585 682 162173 162270
682 727 163169 163214
727 912 163759 163944
912 1022 164562 164672
1022 1092 165260 165330
1092 1170 168234 168312
1170 1311 168831 168972
1311 1460 172375 172524
1460 1638 175814 175992
1638 1680 176220 176262
1680 1792 177268 177380
1792 2032 177827 178067
2032 2119 178256 178343
2119 2154 178925 178960

>ENST00000533016
0 35 134725 134760
35 140 160226 160331
140 372 179742 179974

>ENSBTAT00000074158
0 80 62683 62763
80 1340 87437 88697
1340 1477 92633 92770
1477 1629 103702 103854
1629 1845 105168 105384
1845 1942 106320 106417
1942 2127 108083 108268
2127 2237 109337 109447
2237 2307 109639 109709
2307 2385 112716 112794
2385 2526 113316 113457
2526 2675 116976 117125
2675 2853 120798 120976
2853 2965 122833 122945
2965 3205 124286 124526
3205 3292 125348 125435
3292 3327 125981 126016

>ENSGALT00000003168
0 800 132 932
800 949 1940 2089
949 1062 2662 2775
1062 1159 6056 6153
1159 1204 6867 6912
1204 1392 7429 7617
1392 1502 8378 8488
1502 1572 8816 8886
1572 1650 9235 9313
1650 1791 10138 10279
1791 1940 10645 10794
1940 2118 11190 11368
2118 2160 11711 11753
2160 2257 12330 12427
2257 2497 13242 13482
2497 2584 13745 13832
2584 2616 14307 14339

>ENSCAFT00000050118
0 77 0 77
77 179 13151 13253
179 1349 16921 18091
1349 1477 27771 27899
1477 1599 28721 28843
1599 1800 39293 39494
1800 1894 42773 42867
1894 1945 43643 43694
1945 2133 45034 45222
2133 2243 51454 51564
2243 2313 52734 52804
2313 2391 54390 54468
2391 2532 58454 58595
2532 2681 59975 60124
2681 2859 72311 72489
2859 2901 73940 73982
2901 3051 82014 82164

>ENST00000527516
0 80 160251 160331
80 288 179742 179950

>ENST00000626808
0 65 144250 144315
65 170 160226 160331
170 307 184742 184879
307 459 193059 193211
459 675 195133 195349
675 772 196245 196342
772 817 196909 196954
817 1002 198216 198401
1002 1071 198915 198984

>ENST00000527347
0 80 160251 160331
80 338 179742 180000

