>ENSCAFT00000049897
0 63 2826 2889
63 154 6177 6268
154 276 6641 6763
276 422 6863 7009
422 546 17080 17204
546 681 19412 19547
681 813 21239 21371
813 912 21468 21567
912 986 22524 22598
986 1145 26450 26609
1145 1265 27519 27639
1265 1386 33951 34072
1386 1443 36682 36739
1443 1526 40693 40776
1526 1659 43752 43885
1659 1818 50874 51033
1818 1983 52658 52823

>ENST00000523020
0 141 19947 20088
141 265 36333 36457
265 400 41997 42132
400 499 46008 46107
499 573 46909 46983
573 732 48692 48851
732 831 50749 50848

>ENSBTAT00000018107
0 63 13395 13458
63 154 15841 15932
154 276 16204 16326
276 422 16429 16575
422 546 28049 28173
546 681 32781 32916
681 813 35402 35534
813 912 35633 35732
912 986 36280 36354
986 1145 43350 43509
1145 1265 44215 44335
1265 1386 47401 47522
1386 1443 49870 49927
1443 1526 50628 50711
1526 1659 54164 54297
1659 1818 59427 59586
1818 1983 61779 61944

>ENSMUST00000084892
0 16 122 138
16 124 4957 5065
124 249 12647 12772
249 340 17747 17838
340 462 18069 18191
462 608 18680 18826
608 732 26078 26202
732 867 29449 29584
867 999 31615 31747
999 1098 31848 31947
1098 1172 32394 32468
1172 1331 34504 34663
1331 1451 36964 37084
1451 1572 41013 41134
1572 1629 44152 44209
1629 1712 45191 45274
1712 1845 48998 49131
1845 2004 54366 54525
2004 2169 56195 56360

>ENSCAFT00000038878
0 155 6 161
155 222 2822 2889
222 313 6177 6268
313 435 6641 6763
435 579 6863 7007
579 584 13461 13466
584 708 17080 17204
708 843 19412 19547
843 975 21239 21371
975 1074 21468 21567
1074 1148 22524 22598
1148 1307 26450 26609
1307 1427 27519 27639
1427 1511 33951 34035
1511 1530 34861 34880
1530 1602 36351 36423
1602 1685 40693 40776
1685 1818 43752 43885
1818 1980 50874 51036

>ENST00000538147
0 21 5161 5182
21 145 7458 7582

>ENSCAFT00000045176
0 112 81370 81482
112 212 84341 84441
212 338 85744 85870
338 489 93400 93551

>ENST00000588648
0 19 33674 33693
19 154 34233 34368
154 286 47602 47734
286 388 49396 49498
388 462 52557 52631
462 621 52808 52967
621 744 57823 57946
744 856 58326 58438
856 913 59185 59242
913 928 61931 61946

>ENST00000519353
0 46 6693 6739
46 137 18666 18757
137 259 19710 19832
259 343 19942 20026

>ENSGALT00000007256
0 103 0 103
103 237 1568 1702
237 328 5912 6003
328 450 6843 6965
450 596 7174 7320
596 720 8940 9064
720 855 9427 9562
855 987 11107 11239
987 1089 12192 12294
1089 1163 13112 13186
1163 1322 13329 13488
1322 1439 13853 13970
1439 1555 14326 14442
1555 1605 14987 15037
1605 1688 18509 18592
1688 1821 24410 24543
1821 1984 25255 25418
1984 2010 26005 26031

>ENSBTAT00000045197
0 103 2030 2133
103 237 5539 5673
237 328 24122 24213
328 450 31580 31702
450 596 32277 32423
596 720 34365 34489
720 855 35027 35162
855 957 47636 47738
957 1031 49877 49951
1031 1190 50115 50274
1190 1313 53653 53776
1313 1425 54159 54271
1425 1482 55067 55124
1482 1565 59280 59363
1565 1698 66191 66324
1698 1857 68774 68933
1857 2019 70643 70805

>ENST00000521525
0 15 19817 19832
15 161 19942 20088
161 204 24640 24683

>ENSCAFT00020009056
0 27 13097 13124
27 153 17799 17925
153 291 21356 21494
291 412 24361 24482
412 506 25196 25290
506 564 44049 44107
564 656 54270 54362
656 738 56259 56341
738 816 58505 58583
816 903 65539 65626
903 963 67807 67867
963 1035 68409 68481
1035 1137 73508 73610
1137 1230 78521 78614
1230 1350 84219 84339
1350 1525 85768 85943
1525 1625 86786 86886
1625 1751 88045 88171
1751 1908 93271 93428

>ENSCAFT00000045311
0 379 202 581
379 404 5313 5338
404 492 6687 6775
492 630 8608 8746
630 751 20872 20993
751 845 23217 23311
845 903 28419 28477
903 995 30111 30203
995 1095 31392 31492
1095 1125 33013 33043

>ENST00000414645
0 16 296 312
16 127 6628 6739
127 252 14927 15052
252 343 18666 18757
343 465 19710 19832
465 611 19942 20088
611 735 36333 36457
735 870 41997 42132
870 1002 45480 45612
1002 1101 46008 46107
1101 1175 46909 46983
1175 1334 48692 48851
1334 1454 50749 50869
1454 1575 57963 58084
1575 1632 60656 60713
1632 1715 61381 61464
1715 1848 63967 64100
1848 2007 68191 68350
2007 2172 70043 70208

>ENSBTAT00000046335
0 382 0 382
382 407 3697 3722
407 495 5580 5668
495 633 12392 12530
633 684 23024 23075
684 754 23076 23146
754 848 25777 25871
848 906 28857 28915
906 998 31023 31115
998 1098 36279 36379
1098 1176 45373 45451
1176 1263 46476 46563
1263 1323 52250 52310
1323 1404 56754 56835
1404 1506 58777 58879
1506 1578 60066 60138
1578 1625 62605 62652
1625 1650 69295 69320
1650 1770 79033 79153
1770 1945 80073 80248
1945 2045 86652 86752
2045 2171 87894 88020
2171 2322 89749 89900

>ENSMUST00000133010
0 382 130 512
382 407 4313 4338
407 495 6152 6240
495 633 15483 15621
633 754 26883 27004
754 848 29291 29385
848 906 33121 33179
906 998 35477 35569
998 1098 37636 37736
1098 1176 49914 49992
1176 1263 51145 51232
1263 1323 52522 52582
1323 1404 65014 65095
1404 1506 68042 68144
1506 1578 77118 77190
1578 1625 78806 78853
1625 1650 109227 109252
1650 1770 110666 110786
1770 1945 111643 111818
1945 2045 113406 113506
2045 2171 115038 115164
2171 2322 138106 138257

>ENSCAFT00000005108
0 21 17921 17942
21 159 21373 21511
159 280 24378 24499
280 374 25213 25307
374 432 44058 44116
432 524 54276 54368
524 624 56247 56347
624 702 58514 58592
702 789 65548 65635
789 849 67818 67878
849 930 68420 68501
930 1032 73519 73621
1032 1104 78541 78613
1104 1154 81988 82038
1154 1179 83325 83350
1179 1299 84246 84366
1299 1474 85795 85970
1474 1574 86813 86913
1574 1700 88072 88198
1700 1857 93299 93456

>ENSGALT00000072398
0 286 829 1115
286 355 1742 1811
355 380 6108 6133
380 468 7897 7985
468 606 8591 8729
606 727 12998 13119
727 821 14598 14692
821 879 20731 20789
879 971 23687 23779
971 1071 25754 25854
1071 1149 27145 27223
1149 1236 29969 30056
1236 1296 31555 31615
1296 1377 32994 33075
1377 1479 33833 33935
1479 1551 34674 34746
1551 1601 35242 35292
1601 1626 36912 36937
1626 1746 38668 38788
1746 1921 44039 44214
1921 2021 45039 45139
2021 2147 45553 45679
2147 2304 46714 46871

>ENST00000342179
0 103 2711 2814
103 237 5696 5830
237 328 27173 27264
328 450 30903 31025
450 596 31651 31797
596 720 33569 33693
720 855 34233 34368
855 987 47602 47734
987 1089 49396 49498
1089 1163 52557 52631
1163 1322 52808 52967
1322 1445 57823 57946
1445 1557 58326 58438
1557 1614 59185 59242
1614 1697 63188 63271
1697 1830 71979 72112
1830 1989 74856 75015
1989 2151 76536 76698

>ENSMUST00000144416
0 70 24699 24769
70 192 27043 27165
192 338 29018 29164
338 345 32775 32782

>ENSBTAT00000007607
0 298 110 408
298 323 17980 18005
323 411 18626 18714
411 549 21433 21571
549 670 24419 24540
670 764 25222 25316
764 822 38640 38698
822 914 50896 50988
914 1014 53200 53300
1014 1092 55531 55609
1092 1179 61148 61235
1179 1239 63361 63421
1239 1320 63961 64042
1320 1422 67303 67405
1422 1494 71206 71278
1494 1544 72634 72684
1544 1569 77086 77111
1569 1689 77938 78058
1689 1864 78741 78916
1864 1964 79717 79817
1964 2090 81186 81312
2090 2247 89766 89923

>ENST00000439061
0 59 60265 60324
59 140 68553 68634
140 242 71029 71131
242 314 72902 72974
314 361 74806 74853
361 449 77812 77900

>ENST00000586427
0 103 2711 2814
103 237 5696 5830
237 328 27173 27264
328 381 30903 30956

>ENST00000612226
0 101 100177 100278
101 258 106542 106699

>ENST00000541083
0 51 48946 48997
51 129 50711 50789
129 216 51549 51636
216 276 60264 60324
276 357 68553 68634
357 377 71029 71049

>ENSMUST00000128024
0 16 122 138
16 124 4957 5065
124 249 12647 12772
249 340 17747 17838
340 462 18069 18191
462 608 18680 18826
608 732 26078 26202
732 867 29449 29584
867 966 31848 31947
966 1040 32394 32468
1040 1199 34504 34663
1199 1319 36964 37084
1319 1440 41013 41134
1440 1497 44152 44209
1497 1575 45191 45269

>ENST00000392250
0 103 2711 2814
103 237 5696 5830
237 328 27173 27264
328 450 30903 31025
450 596 31651 31797
596 720 33569 33693
720 855 34233 34368
855 987 47602 47734
987 1089 49396 49498
1089 1163 52557 52631
1163 1322 52808 52967
1322 1445 57823 57946
1445 1557 58326 58438
1557 1614 59185 59242
1614 1697 63188 63271
1697 1830 71979 72112
1830 1989 74856 75015
1989 2151 76536 76698

>ENSCAFT00020009112
0 379 0 379
379 404 5111 5136
404 492 6485 6573
492 630 8406 8544
630 751 20905 21026
751 845 23245 23339
845 903 28446 28504
903 995 30138 30230
995 1095 31419 31519
1095 1173 35977 36055
1173 1266 36653 36746
1266 1347 58567 58648
1347 1449 60827 60929
1449 1551 62188 62290
1551 1593 75728 75770
1593 1713 80361 80481
1713 1888 81405 81580
1888 1988 84439 84539
1988 2114 85842 85968
2114 2265 93515 93666

>ENSCAFT00000037089
0 103 39 142
103 237 3150 3284
237 328 23281 23372
328 450 26303 26425
450 596 27151 27297
596 720 29291 29415
720 855 29958 30093
855 987 40691 40823
987 1089 42212 42314
1089 1163 44268 44342
1163 1322 44514 44673
1322 1445 47745 47868
1445 1557 48252 48364
1557 1614 49161 49218
1614 1697 53101 53184
1697 1830 61483 61616
1830 1989 62675 62834
1989 2147 64438 64596
2147 2406 66962 67221

>ENSGALT00000078528
0 88 429 517
88 196 2294 2402
196 321 3347 3472
321 412 4096 4187
412 534 5852 5974
534 680 6865 7011
680 804 8895 9019
804 939 9560 9695
939 1071 10337 10469
1071 1170 10558 10657
1170 1244 11930 12004
1244 1403 13788 13947
1403 1523 15654 15774
1523 1644 16904 17025
1644 1701 18472 18529
1701 1784 20044 20127
1784 1917 22154 22287
1917 2076 23217 23376
2076 2241 25966 26131

>ENSGALT00000071644
0 172 2230 2402
172 297 3347 3472
297 388 4096 4187
388 510 5852 5974
510 656 6865 7011
656 780 8895 9019
780 915 9560 9695
915 1047 10337 10469
1047 1146 10558 10657
1146 1220 11930 12004
1220 1379 13788 13947
1379 1499 15654 15774
1499 1620 16904 17025
1620 1677 18472 18529
1677 1760 20044 20127
1760 1893 22154 22287
1893 2013 22966 23086

>ENSCAFT00000014852
0 112 0 112
112 237 2764 2889
237 328 6177 6268
328 450 6641 6763
450 594 6863 7007
594 599 13461 13466
599 723 17080 17204
723 858 19412 19547
858 990 21239 21371
990 1089 21468 21567
1089 1163 22524 22598
1163 1322 26450 26609
1322 1442 27519 27639
1442 1563 33951 34072
1563 1620 36682 36739
1620 1703 40693 40776
1703 1836 43752 43885
1836 1995 50874 51033
1995 2160 52658 52823

>ENST00000446375
0 92 64666 64758
92 192 68739 68839
192 270 71300 71378
270 330 82904 82964
330 411 83493 83574
411 513 88373 88475
513 585 90570 90642
585 622 92555 92592

>ENSMUST00000051377
0 103 1737 1840
103 237 4581 4715
237 328 24678 24769
328 450 27043 27165
450 596 29018 29164
596 720 31624 31748
720 855 32775 32910
855 987 37736 37868
987 1089 40227 40329
1089 1163 42236 42310
1163 1322 42435 42594
1322 1445 45797 45920
1445 1557 46283 46395
1557 1614 47017 47074
1614 1697 50883 50966
1697 1830 59040 59173
1830 1989 61519 61678
1989 2151 63512 63674

>ENSMUST00000170356
0 292 10 302
292 317 17411 17436
317 405 18039 18127
405 543 21074 21212
543 664 27687 27808
664 758 29273 29367
758 816 40506 40564
816 908 49243 49335
908 1008 52385 52485
1008 1086 55276 55354
1086 1173 62299 62386
1173 1233 63952 64012
1233 1314 64431 64512
1314 1416 68700 68802
1416 1488 70709 70781
1488 1538 72660 72710
1538 1563 76982 77007
1563 1683 78295 78415
1683 1858 79953 80128
1858 1958 80781 80881
1958 2084 81934 82060
2084 2241 88717 88874

>ENST00000324472
0 337 546 883
337 362 3080 3105
362 450 5094 5182
450 588 7458 7596
588 709 21574 21695
709 803 24443 24537
803 861 42413 42471
861 953 44808 44900
953 1053 47602 47702
1053 1131 50711 50789
1131 1218 51549 51636
1218 1278 60264 60324
1278 1359 68553 68634
1359 1461 71029 71131
1461 1533 72902 72974
1533 1580 74806 74853
1580 1605 85103 85128
1605 1725 86414 86534
1725 1900 88103 88278
1900 2000 98082 98182
2000 2126 99590 99716
2126 2277 108277 108428

>ENST00000638088
0 298 877 1175
298 323 19675 19700
323 411 20302 20390
411 549 24566 24704
549 670 26821 26942
670 764 27710 27804
764 822 48330 48388
822 914 64666 64758
914 1014 68739 68839
1014 1092 71300 71378
1092 1179 80201 80288
1179 1239 82904 82964
1239 1320 83493 83574
1320 1422 88373 88475
1422 1494 90570 90642
1494 1544 92555 92605
1544 1569 95632 95657
1569 1689 96387 96507
1689 1864 97944 98119
1864 1964 98896 98996
1964 2090 100152 100278
2090 2247 106542 106699

>ENST00000592832
0 106 52861 52967
106 229 57823 57946
229 341 58326 58438
341 398 59185 59242
398 404 71979 71985

>ENST00000522669
0 109 57975 58084
109 166 60656 60713
166 226 63967 64027

>ENSGALT00000091975
0 82 0 82
82 151 1742 1811
151 176 6108 6133
176 264 7897 7985
264 402 8591 8729
402 523 12998 13119
523 617 14598 14692
617 675 20731 20789
675 767 23687 23779
767 867 25754 25854
867 945 27145 27223
945 1032 29969 30056
1032 1092 31555 31615
1092 1173 32994 33075
1173 1275 33833 33935
1275 1347 34674 34746
1347 1397 35242 35292
1397 1422 36912 36937
1422 1542 38668 38788
1542 1717 44039 44214
1717 1817 45039 45139
1817 1943 45553 45679
1943 2100 46714 46871

>ENSMUST00000142064
0 292 10 302
292 317 17411 17436
317 405 18039 18127
405 543 21074 21212
543 664 27687 27808
664 758 29273 29367
758 816 40506 40564
816 908 49243 49335
908 1008 52385 52485
1008 1086 55276 55354
1086 1173 62299 62386
1173 1233 63952 64012
1233 1314 64431 64512
1314 1416 68700 68802
1416 1488 70709 70781
1488 1538 72660 72710
1538 1563 76982 77007
1563 1683 78295 78415
1683 1858 79953 80128
1858 1958 80781 80881
1958 2084 81934 82060
2084 2241 88717 88874

>ENSCAFT00020015632
0 64 0 64
64 189 2716 2841
189 280 6135 6226
280 402 6599 6721
402 548 6821 6967
548 672 17030 17154
672 807 19362 19497
807 939 21189 21321
939 1038 21418 21517
1038 1112 22474 22548
1112 1271 26506 26665
1271 1391 27574 27694
1391 1512 34001 34122
1512 1569 36733 36790
1569 1652 40745 40828
1652 1785 43804 43937
1785 1944 50927 51086
1944 2109 52711 52876

>ENST00000310974
0 79 375 454
79 104 19675 19700
104 192 20302 20390
192 330 24566 24704
330 451 26821 26942
451 545 27710 27804
545 603 48330 48388
603 695 64666 64758
695 795 68739 68839
795 873 71300 71378
873 960 80201 80288
960 1020 82904 82964
1020 1101 83493 83574
1101 1203 88373 88475
1203 1275 90570 90642
1275 1325 92555 92605
1325 1350 95632 95657
1350 1470 96387 96507
1470 1645 97944 98119
1645 1745 98896 98996
1745 1871 100152 100278
1871 2028 106542 106699

>ENST00000306389
0 337 546 883
337 362 3080 3105
362 429 7458 7525

>ENST00000587077
0 103 2711 2814
103 309 5696 5902

>ENST00000522422
0 16 296 312
16 127 6628 6739
127 249 19710 19832
249 387 19942 20080

>ENSMUST00000115277
0 82 27726 27808
82 176 29273 29367
176 234 40506 40564
234 326 49243 49335
326 426 52385 52485
426 504 55276 55354
504 591 62299 62386
591 651 63952 64012
651 732 64431 64512
732 834 68700 68802
834 906 70709 70781
906 956 72660 72710
956 981 76982 77007
981 1101 78295 78415
1101 1276 79953 80128
1276 1376 80781 80881
1376 1502 81934 82060
1502 1659 88717 88874

>ENSBTAT00000087394
0 16 116 132
16 127 5316 5427
127 252 13333 13458
252 343 15841 15932
343 465 16204 16326
465 611 16429 16575
611 735 28049 28173
735 870 32781 32916
870 1002 35402 35534
1002 1101 35633 35732
1101 1175 36280 36354
1175 1334 43350 43509
1334 1454 44215 44335
1454 1575 47401 47522
1575 1632 49870 49927
1632 1715 50628 50711
1715 1848 54164 54297
1848 2025 59427 59604

>ENST00000542209
0 275 546 821

>ENST00000428054
0 93 98903 98996
93 250 106542 106699

>ENSBTAT00000078716
0 103 2030 2133
103 237 5539 5673
237 328 24122 24213
328 450 31580 31702
450 596 32277 32423
596 720 34365 34489
720 855 35027 35162
855 987 46156 46288
987 1089 47636 47738
1089 1163 49877 49951
1163 1322 50115 50274
1322 1445 53653 53776
1445 1557 54159 54271
1557 1614 55067 55124
1614 1697 59280 59363
1697 1830 66191 66324
1830 1989 68774 68933
1989 2151 70643 70805

>ENST00000519176
0 40 6699 6739
40 165 14927 15052
165 256 18666 18757
256 378 19710 19832
378 524 19942 20088
524 573 24782 24831

>ENSCAFT00000012133
0 94 23278 23372
94 216 26303 26425
216 362 27151 27297
362 486 29291 29415
486 621 29958 30093
621 634 31956 31969
634 652 36699 36717
652 753 40722 40823
753 855 42212 42314
855 929 44268 44342
929 1088 44514 44673
1088 1211 47745 47868
1211 1295 48252 48336
1295 1302 49026 49033
1302 1359 49161 49218
1359 1395 49615 49651
1395 1478 53101 53184
1478 1611 61483 61616
1611 1770 62675 62834
1770 1914 64438 64582
1914 1947 64756 64789

>ENSCAFT00020029155
0 103 0 103
103 237 3111 3245
237 328 23342 23433
328 450 26364 26486
450 596 27213 27359
596 720 29356 29480
720 855 30023 30158
855 987 40744 40876
987 1089 42273 42375
1089 1163 44327 44401
1163 1322 44573 44732
1322 1445 47819 47942
1445 1557 48326 48438
1557 1614 49240 49297
1614 1697 53192 53275
1697 1830 61338 61471
1830 1989 62530 62689
1989 2151 64290 64452

>ENSMUST00000143590
0 33 46362 46395
33 90 47017 47074
90 96 59040 59046

>ENSMUST00000139385
0 50 18776 18826
50 174 26078 26202
174 309 29449 29584
309 441 31615 31747
441 540 31848 31947
540 614 32394 32468
614 773 34504 34663
773 894 41013 41134
894 951 44152 44209
951 1034 45191 45274
1034 1167 48998 49131
1167 1326 54366 54525
1326 1491 56195 56360

>ENST00000586987
0 103 2711 2814
103 237 5696 5830
237 328 27173 27264
328 450 30903 31025
450 596 31651 31797
596 720 33569 33693
720 855 34233 34368
855 987 47602 47734
987 1089 49396 49498
1089 1163 52557 52631
1163 1322 52808 52967
1322 1445 57823 57946
1445 1557 58326 58438
1557 1614 59185 59242
1614 1697 63188 63271
1697 1830 71979 72112
1830 1989 74856 75015
1989 2041 75162 75214
2041 2067 76536 76562

>ENST00000520774
0 16 296 312
16 127 6628 6739
127 135 18666 18674

>ENSMUST00000142005
0 16 122 138
16 124 4957 5065
124 249 12647 12772
249 340 17747 17838
340 462 18069 18191
462 608 18680 18826
608 732 26078 26202
732 861 29451 29580

>ENSCAFT00000005112
0 379 202 581
379 404 5313 5338
404 492 6687 6775
492 630 8608 8746
630 751 20872 20993
751 845 23217 23311
845 903 28419 28477
903 995 30111 30203
995 1095 31392 31492
1095 1173 35950 36028
1173 1260 36630 36717
1260 1320 51110 51170
1320 1401 58510 58591
1401 1503 60772 60874
1503 1575 62133 62205
1575 1622 65199 65246
1622 1647 75630 75655
1647 1767 80265 80385
1767 1942 81307 81482
1942 2042 84341 84441
2042 2044 85061 85063
2044 2174 85740 85870
2174 2325 93400 93551

>ENSCAFT00020009029
0 71 0 71
71 293 101 323
293 381 17837 17925
381 519 21356 21494
519 640 24361 24482
640 734 25196 25290
734 792 44049 44107
792 884 54270 54362
884 984 56241 56341
984 1062 58505 58583
1062 1149 65539 65626
1149 1209 67807 67867
1209 1290 68409 68490
1290 1392 73508 73610
1392 1485 78521 78614
1485 1605 84219 84339
1605 1780 85768 85943
1780 1880 86786 86886
1880 2006 88045 88171
2006 2163 93271 93428

