>ENSBTAT00000018554
0 264 329 593
264 325 4507 4568
325 395 5532 5602
395 601 8115 8321
601 774 9295 9468
774 944 11008 11178
944 1073 17054 17183
1073 1211 26550 26688
1211 1317 27588 27694

>ENSMUST00000027491
0 231 54 285
231 424 369 562
424 489 2055 2120
489 590 2660 2761
590 661 4041 4112
661 746 5082 5167
746 842 6074 6170
842 912 6828 6898
912 1008 8815 8911
1008 1137 9271 9400
1137 1245 9820 9928

>ENSMUST00000162416
0 68 27815 27883
68 274 28926 29132
274 447 30088 30261
447 475 32304 32332

>ENSCAFT00000020246
0 231 0 231
231 424 324 517
424 489 1629 1694
489 590 2167 2268
590 661 2868 2939
661 746 4028 4113
746 842 4945 5041
842 912 5609 5679
912 996 6122 6206
996 1125 7341 7470
1125 1233 7626 7734

>ENSMUST00000025542
0 60 22414 22474
60 121 26341 26402
121 191 27813 27883
191 397 28926 29132
397 570 30088 30261
570 740 32304 32474
740 869 37908 38037
869 1007 40270 40408
1007 1113 41186 41292

>ENSBTAT00000007622
0 231 327 558
231 424 730 923
424 489 2415 2480
489 590 3101 3202
590 661 5074 5145
661 746 5932 6017
746 842 7483 7579
842 912 8155 8225
912 1008 9316 9412
1008 1137 10210 10339
1137 1245 10572 10680

>ENST00000347159
0 60 86 146
60 121 3477 3538
121 191 4829 4899
191 397 7610 7816
397 570 9189 9362
570 740 11289 11459
740 869 20551 20680
869 975 31856 31962

>ENSCAFT00000049661
0 231 0 231
231 424 324 517
424 489 1628 1693
489 590 2166 2267
590 661 2867 2938
661 746 4027 4112
746 842 4944 5040
842 912 5608 5678
912 1008 6292 6388
1008 1137 7008 7137
1137 1245 7293 7401

>ENSGALT00000033625
0 237 0 237
237 430 310 503
430 495 691 756
495 596 824 925
596 667 997 1068
667 752 1203 1288
752 848 1470 1566
848 918 1860 1930
918 1014 2061 2157
1014 1143 2278 2407
1143 1206 2718 2781
1206 1422 2864 3080

>ENSCAFT00020019293
0 15 0 15
15 309 440 734
309 357 773 821

>ENST00000307503
0 165 42 207
165 358 346 539
358 423 1820 1885
423 524 2525 2626
524 595 4155 4226
595 680 5154 5239
680 776 6285 6381
776 846 7111 7181
846 942 8713 8809
942 1071 9198 9327
1071 1179 9890 9998

>ENSGALT00000024496
0 60 38 98
60 121 2203 2264
121 191 3436 3506
191 397 4547 4753
397 570 6086 6259
570 740 6773 6943
740 869 10367 10496
869 1007 12827 12965
1007 1113 13584 13690

>ENSMUST00000162053
0 51 22983 23034
51 112 26341 26402
112 182 27813 27883
182 388 28926 29132
388 561 30088 30261
561 731 32304 32474
731 860 37908 38037
860 998 40270 40408
998 1104 41186 41292

>ENSBTAT00000075748
0 231 327 558
231 424 730 923
424 572 3054 3202
572 643 5074 5145
643 728 5932 6017
728 824 7483 7579
824 894 8155 8225
894 990 9316 9412
990 1119 10210 10339
1119 1227 10572 10680

>ENSCAFT00020036397
0 26 14006 14032
26 155 17931 18060
155 293 28981 29119
293 399 30575 30681

>ENSCAFT00020036970
0 165 0 165
165 387 258 480
387 488 2111 2212
488 559 2813 2884
559 644 3934 4019
644 740 4851 4947
740 810 5523 5593
810 906 6239 6335
906 1035 6954 7083
1035 1143 7227 7335

>ENSCAFT00000002468
0 183 170 353
183 244 4150 4211
244 314 5561 5631
314 520 8054 8260
520 693 9329 9502
693 863 10708 10878
863 992 18029 18158
992 1130 29056 29194
1130 1236 30650 30756

>ENSCAFT00000048312
0 60 293 353
60 121 4150 4211
121 191 5561 5631
191 397 8054 8260
397 570 9329 9502
570 740 10708 10878
740 869 18029 18158
869 1011 29056 29198

>ENSCAFT00020036390
0 60 0 60
60 121 3877 3938
121 191 5286 5356
191 397 7968 8174
397 570 9237 9410
570 740 10616 10786
740 869 17931 18060
869 1007 28981 29119
1007 1113 30575 30681

>ENST00000376588
0 60 86 146
60 121 3477 3538
121 191 4829 4899
191 397 7610 7816
397 570 9189 9362
570 740 11289 11459
740 869 20551 20680
869 1007 30926 31064
1007 1113 31856 31962

