>ENST00000346333_ENSG00000158483
0 96 6027 6123
96 159 8273 8336
159 309 14507 14657
309 396 18051 18138

>ENST00000359244_ENSG00000158483
0 96 6027 6123
96 159 8273 8336
159 261 11870 11972
261 411 14507 14657
411 498 18051 18138

>ENST00000426628_ENSG00000158483
0 96 6027 6123
96 159 8273 8336
159 240 10229 10310
240 390 14507 14657
390 477 18051 18138

>ENST00000448228_ENSG00000186523
0 96 6063 6159
96 159 8292 8355
159 240 10245 10326
240 374 13300 13434
374 640 13516 13782
640 790 14608 14758
790 891 16427 16528

>ENST00000533852_ENSG00000186523
0 96 6063 6159
96 159 8292 8355
159 240 10245 10326
240 342 11960 12062
342 476 13300 13434
476 742 13516 13782
742 892 14608 14758
892 993 16427 16528

>ENST00000534520_ENSG00000186523
0 96 6063 6159
96 159 8292 8355
159 240 10245 10326
240 374 13300 13434
374 462 14608 14696

>ENST00000533513_ENSG00000186523
0 96 6063 6159
96 159 8292 8355
159 240 10245 10326
240 342 11960 12062
342 480 13300 13438

