>ENSCVAT00000012628
0 135 0 135
135 275 7170 7310
275 318 7491 7534

>ENSFHET00000027367
0 135 0 135
135 269 249 383
269 333 1164 1228

>ENSPLAT00000012130
0 135 0 135
135 269 1003 1137
269 312 1686 1729

>ENSXCOT00000028153
0 135 0 135
135 273 2312 2450
273 390 2905 3022

>ENSAOCT00000032617
0 135 2635 2770
135 360 4464 4689

>ENSLBET00000028325
0 160 2 162
160 258 1111 1209

>ENSNBRT00000031175
0 198 0 198

>ENSMSIT00000032835
0 279 0 279

>ENSHGLT00000005753
0 259 2 261
259 264 467 472

>ENSTGET00000039510
0 266 0 266
266 288 466 488

>ENSMICT00000037659
0 180 956 1136
180 228 1171 1219

>ENSNSUT00000000717
0 35 0 35
35 45 119 129
45 186 495 636

