>ENSBTAT00000005584
0 33 1186 1219
33 160 4039 4166
160 256 4608 4704
256 1704 13802 15250

>ENSBMUT00000004114
0 33 2 35
33 160 2978 3105
160 256 3547 3643
256 1692 12787 14223

>ENSBBBT00000008912
0 33 2 35
33 160 2860 2987
160 256 3429 3525
256 1692 13046 14482

>ENSCHIT00000031051
0 33 1273 1306
33 160 4136 4263
160 256 4707 4803
256 1710 13912 15366

>ENSCHIT00000031056
0 33 1273 1306
33 160 4136 4263
160 256 4707 4803
256 1710 13912 15366

>ENSEEUT00000011386
0 33 0 33
33 160 465 592
160 256 1352 1448
256 1689 14562 15995

>ENSECAT00000025123
0 1539 2 1541

>ENSUAMT00000028596
0 145 0 145
145 241 597 693
241 1689 6099 7547

>ENSUMAT00000039279
0 37 0 37
37 1485 4676 6124

>ENSAMET00000009898
0 33 2 35
33 160 2311 2438
160 256 2890 2986
256 1689 12164 13597

>ENSMPUT00000000712
0 178 2 180
178 246 1395 1463
246 373 4825 4952
373 469 5403 5499
469 1917 10752 12200

>ENSNVIT00000014291
0 33 0 33
33 160 3822 3949
160 256 4387 4483
256 1692 9966 11402

>ENSCAFT00020004941
0 304 2 306
304 372 1515 1583
372 499 4926 5053
499 1947 9866 11314

>ENSCAFT00000047552
0 52 77 129
52 148 556 652
148 1596 4941 6389

>ENSVVUT00000002325
0 33 35 68
33 160 3381 3508
160 256 3935 4031
256 1704 8319 9767

>ENSPPRT00000016769
0 33 0 33
33 160 3938 4065
160 256 4485 4581
256 1692 11087 12523

>ENSPTIT00000030602
0 33 2027 2060
33 160 5981 6108
160 256 6528 6624
256 1704 12766 14214

>ENSFCAT00000056777
0 33 37 70
33 160 4247 4374
160 256 4794 4890
256 1704 10662 12110

>ENSPSMT00000019364
0 33 2 35
33 160 2713 2840
160 256 3282 3378
256 1686 7326 8756

>ENSMICT00000059420
0 33 976 1009
33 160 4535 4662
160 256 5100 5196
256 1689 9494 10927

>ENSMICT00000032050
0 34 4628 4662
34 130 5100 5196
130 1563 9494 10927

>ENSPCOT00000028840
0 33 0 33
33 160 3209 3336
160 256 3772 3868
256 1689 15718 17151

>ENSOGAT00000024466
0 33 2 35
33 160 2959 3086
160 262 3508 3610
262 1695 7524 8957

>ENSPPAT00000037692
0 33 2331 2364
33 160 4788 4915
160 256 5388 5484
256 1692 9548 10984

>ENSPTRT00000095055
0 33 1231 1264
33 160 3700 3827
160 256 4261 4357
256 1692 8424 9860

>ENSGGOT00000034646
0 33 2348 2381
33 160 4811 4938
160 256 5372 5468
256 1692 9546 10982

>ENST00000444149
0 33 1253 1286
33 160 3721 3848
160 256 4280 4376
256 1692 8453 9889

>ENST00000519896
0 33 1253 1286
33 194 3687 3848
194 290 4280 4376
290 324 8453 8487

>ENST00000522442
0 33 1253 1286
33 160 3721 3848
160 256 4280 4376
256 402 8453 8601

>ENST00000521285
0 33 1253 1286
33 123 3721 3811

>ENSPPYT00000033921
0 33 1244 1277
33 160 3707 3834
160 256 4269 4365
256 1692 8444 9880

>ENSNLET00000001782
0 33 1250 1283
33 160 3732 3859
160 256 4294 4390
256 1692 8449 9885

>ENSNLET00000043728
0 29 1250 1279
29 176 3712 3859
176 260 4294 4378
260 293 8425 8458
293 300 8476 8483

>ENSMLET00000064510
0 33 1245 1278
33 160 3683 3810
160 256 4246 4342
256 1692 8711 10147

>ENSTGET00000025491
0 33 0 33
33 160 2445 2572
160 256 3019 3115
256 1692 7489 8925

>ENSTGET00000025492
0 145 2427 2572
145 241 3019 3115
241 1677 7489 8925

>ENSMFAT00000017697
0 33 1461 1494
33 160 46555 46682
160 256 47181 47277
256 1671 48970 50385

>ENSMFAT00000017701
0 33 1461 1494
33 160 3921 4048
160 256 4484 4580
256 1692 8923 10359

>ENSMFAT00000017705
0 33 1461 1494
33 160 3921 4048
160 256 4484 4580
256 1692 8923 10359

>ENSMFAT00000017709
0 27 33658 33685
27 154 46555 46682
154 250 47181 47277
250 1665 48970 50385

>ENSMMUT00000065353
0 33 903 936
33 160 3349 3476
160 256 3912 4008
256 1692 8349 9785

>ENSMMUT00000040559
0 33 903 936
33 160 3349 3476
160 256 3912 4008
256 1692 8349 9785

>ENSMNET00000037087
0 33 1922 1955
33 160 4382 4509
160 256 4945 5041
256 1692 9414 10850

>ENSMNET00000037092
0 33 1922 1955
33 160 4382 4509
160 256 4945 5041
256 1692 9414 10850

>ENSPANT00000046776
0 33 0 33
33 160 2443 2570
160 256 3015 3111
256 1692 7805 9241

>ENSCATT00000034365
0 97 256 353
97 229 2761 2893
229 325 3329 3425
325 1761 8106 9542

>ENSCSAT00000006546
0 37 180 217
37 1473 4589 6025

>ENSPTET00000041000
0 33 0 33
33 160 2441 2568
160 256 3001 3097
256 1692 7886 9322

>ENSCANT00000061242
0 33 1245 1278
33 160 3689 3816
160 256 4249 4345
256 1692 9359 10795

>ENSRBIT00000064487
0 33 1635 1668
33 160 4094 4221
160 256 4657 4753
256 1692 9384 10820

>ENSRBIT00000064488
0 33 1635 1668
33 160 4094 4221
160 256 46560 46656
256 1671 48260 49675

>ENSRBIT00000064489
0 33 1635 1668
33 160 4094 4221
160 256 4657 4753
256 1692 9384 10820

>ENSRBIT00000064490
0 34 4187 4221
34 130 4657 4753
130 1566 9384 10820

>ENSRBIT00000064491
0 27 33603 33630
27 154 45935 46062
154 250 46560 46656
250 1665 48260 49675

>ENSRROT00000035963
0 33 1228 1261
33 160 4020 4147
160 256 4583 4679
256 1692 8902 10338

>ENSCCAT00000026005
0 33 1211 1244
33 160 6212 6339
160 256 6774 6870
256 1692 11804 13240

>ENSSBOT00000028076
0 54 14 68
54 181 4905 5032
181 277 5465 5561
277 1713 10202 11638

