>ENSAMXT00000035996
0 244 161 405
244 316 1267 1339
316 412 2412 2508
412 517 3457 3562
517 564 3661 3708
564 1089 3794 4319

>ENSAMXT00000052316
0 89 0 89
89 345 4799 5055
345 349 14221 14225
349 516 15269 15436

>ENSAMXT00000006989
0 235 255 490
235 301 607 673
301 394 4997 5090
394 441 5180 5227
441 879 5308 5746

>ENSPNAT00000008083
0 40 2 42
40 87 4030 4077
87 335 4111 4359
335 396 5794 5855

>ENSPNAT00000000948
0 63 2 65
63 297 99 333
297 330 1242 1275

>ENSPNAT00000001852
0 63 2 65
63 297 99 333
297 330 1252 1285

>ENSIPUT00000016408
0 40 5442 5482
40 361 50960 51281
361 460 51983 52082
460 511 52155 52206
511 616 54110 54215
616 663 55572 55619
663 852 56103 56292

>ENSIPUT00000016418
0 40 5442 5482
40 361 7207 7528
361 460 51983 52082
460 511 52155 52206
511 616 54110 54215
616 663 55572 55619
663 852 56103 56292

>ENSIPUT00000016482
0 40 20193 20233
40 361 50960 51281
361 460 51983 52082
460 511 52155 52206
511 616 54110 54215
616 663 55572 55619
663 852 56103 56292

>ENSIPUT00000016501
0 40 26109 26149
40 361 50960 51281
361 460 51983 52082
460 511 52155 52206
511 616 54110 54215
616 663 55572 55619
663 852 56103 56292

>ENSIPUT00000016519
0 40 35936 35976
40 361 50960 51281
361 460 51983 52082
460 511 52155 52206
511 616 54110 54215
616 663 55572 55619
663 852 56103 56292

