>cds0_ppan
165 342 603 810 1020 1227 

>cds1_ppan
165 342 603 810 1020 1227 

>cds2_ppan
165 426 633 843 1050 

>cds3_ppan
261 468 678 885 
























>cds0_pabe
165 426 633 840 









>cds0_hsap
165 426 633 843 1050 

>cds1_hsap
261 468 678 885 

>cds2_hsap
165 342 603 810 1020 1227 















>cds0_ggor
165 426 633 843 1050 

>cds1_ggor
165 426 633 840 






>cds0_ptro
165 342 603 810 1020 1227 

>cds1_ptro
165 342 603 810 1020 1227 

>cds2_ptro
261 468 678 885 

>cds3_ptro
261 468 678 885 







