>ENSCAFT00000038895
0 168 3888 4056
168 637 4512 4981
637 942 7282 7587

>ENST00000409916
0 57 24810 24867
57 137 32765 32845
137 249 34704 34816
249 381 34944 35076

>ENSCAFT00000006771
0 69 0 69
69 538 4512 4981
538 741 7282 7485
741 771 7809 7839

>ENSBTAT00000082719
0 110 33160 33270
110 271 38434 38595
271 365 39282 39376
365 1806 51410 52851

>ENSCAFT00000092108
0 269 0 269
269 802 4675 5208
802 1089 8027 8314

>ENSMUST00000159311
0 60 69 129
60 161 13893 13994
161 204 17088 17131
204 291 17317 17404
291 371 18915 18995
371 483 19740 19852
483 615 21444 21576

>ENSGALT00000072963
0 418 1168 1586
418 621 1810 2013
621 651 3473 3503

>ENSMUST00000006424
0 14 253 267
14 181 22449 22616
181 275 24202 24296
275 409 28670 28804
409 573 32305 32469
573 651 35240 35318

>ENSMUST00000211000
0 17 44970 44987
17 142 50688 50813
142 453 51487 51798

>ENST00000614710
0 6 20352 20358
6 169 20360 20523
169 263 20761 20855
263 388 29828 29953
388 705 30759 31076

>ENSCAFT00000002680
0 418 205 623
418 621 84684 84887
621 651 112781 112811

>ENSGALT00000073440
0 110 67766 67876
110 271 88028 88189
271 365 89414 89508
365 490 95581 95706
490 801 97164 97475

>ENST00000396051
0 29 48457 48486
29 196 56548 56715
196 290 67605 67699
290 424 72827 72961
424 588 76802 76966
588 666 79654 79732

>ENST00000591326
0 192 18113 18305

>ENST00000591236
0 190 18113 18303

>ENST00000586676
0 118 18113 18231

>ENSBTAT00000014936
0 14 34687 34701
14 175 38434 38595
175 269 39282 39376
269 394 51410 51535
394 687 51878 52171

>ENSGALT00000045632
0 418 4618 5036
418 621 10893 11096
621 651 13169 13199

>ENST00000309395
0 14 211 225
14 181 56548 56715
181 275 67605 67699
275 409 72827 72961
409 573 76802 76966
573 651 79654 79732

>ENST00000271139
0 106 1815 1921
106 574 3520 3988
574 777 6687 6890
777 807 7207 7237

>ENSMUST00000101245
0 14 238 252
14 181 3851 4018
181 275 6438 6532
275 409 8060 8194
409 573 12265 12429
573 651 14160 14238

>ENSGALT00000084848
0 418 4618 5036
418 621 10893 11096
621 651 13169 13199

>ENSGALT00000102171
0 38 43291 43329
38 199 88028 88189
199 293 89414 89508
293 418 95581 95706
418 729 97164 97475

>ENSMUST00000218090
0 287 10488 10775

>ENSMUST00000113229
0 14 253 267
14 181 22449 22616
181 290 24187 24296
290 424 28670 28804
424 588 32305 32469
588 666 35240 35318

>ENST00000233892
0 27 8089 8116
27 128 19959 20060
128 171 24540 24583
171 258 24780 24867
258 338 32765 32845
338 450 34704 34816
450 582 34944 35076

>ENSCAFT00000082195
0 27 3648 3675
27 128 12853 12954
128 171 18016 18059
171 258 18249 18336
258 338 24420 24500
338 450 25586 25698
450 582 25823 25955

>ENST00000591638
0 233 18113 18346

>ENSMUST00000211206
0 17 44970 44987
17 142 50688 50813
142 453 51487 51798

>ENSMUST00000084418
0 17 64 81
17 178 44560 44721
178 272 44893 44987
272 397 50688 50813
397 708 51487 51798

>ENST00000502869
0 29 48457 48486
29 196 56548 56715
196 290 67605 67699
290 395 72827 72932

>ENSCAFT00000013895
0 14 173 187
14 181 5454 5621
181 275 9812 9906
275 409 11508 11642
409 573 16038 16202
573 651 17454 17532

>ENST00000409355
0 60 516 576
60 136 19959 20035
136 156 24540 24560

>ENSMUST00000055261
0 14 238 252
14 181 3851 4018
181 275 6438 6532
275 409 8060 8194
409 573 12265 12429
573 651 14160 14238

>ENSGALT00000055274
0 418 4618 5036
418 621 10893 11096
621 651 13169 13199

>ENSBTAT00000080865
0 421 11218 11639
421 771 15558 15908

>ENSMUST00000209725
0 110 35126 35236
110 271 44560 44721
271 365 44893 44987
365 383 50688 50706

>ENSBTAT00000019309
0 421 11218 11639
421 624 15558 15761
624 654 17689 17719

>ENSCAFT00020025673
0 110 60557 60667
110 271 67956 68117
271 365 68701 68795
365 490 76204 76329
490 801 77097 77408

>ENSCAFT00000077614
0 17 46 63
17 178 68060 68221
178 272 68805 68899
272 397 76305 76430
397 615 77196 77414
615 831 79418 79634

>ENSBTAT00000032168
0 418 4029 4447
418 621 6409 6612
621 651 6938 6968

>ENST00000604458
0 3 24 27
3 168 661 826
168 231 23211 23274
231 332 35117 35218
332 375 39698 39741
375 462 39938 40025
462 542 47923 48003
542 654 49862 49974
654 786 50102 50234

>ENST00000262244
0 418 74264 74682
418 621 170578 170781
621 651 199198 199228

>ENSCAFT00000004679
0 14 0 14
14 181 34112 34279
181 275 39004 39098
275 409 44649 44783
409 573 46929 47093
573 651 49902 49980

>ENSGALT00000086679
0 17 0 17
17 104 41 128
104 538 4842 5276
538 771 35799 36032

>ENSBTAT00000067879
0 110 33160 33270
110 271 38434 38595
271 365 39282 39376
365 490 51410 51535
490 783 51878 52171

>ENSCAFT00020021017
0 418 88552 88970
418 621 173209 173412
621 651 201316 201346

>ENSMUST00000102975
0 418 73297 73715
418 621 171366 171569
621 651 203437 203467

>ENSBTAT00000080112
0 17 111 128
17 178 38434 38595
178 272 39282 39376
272 1713 51410 52851

>ENSGALT00000013192
0 60 25 85
60 123 1788 1851
123 224 2621 2722
224 267 4062 4105
267 354 4353 4440
354 434 5426 5506
434 546 6279 6391
546 678 7291 7423

>ENST00000396049
0 14 224 238
14 181 6146 6313
181 275 11791 11885
275 409 13547 13681
409 573 19644 19808
573 651 22253 22331

>ENSCAFT00000081924
0 77 23708 23785
77 238 68060 68221
238 332 68805 68899
332 457 76305 76430
457 675 77196 77414
675 891 79418 79634

>ENSMUST00000161122
0 60 69 129
60 123 5446 5509
123 138 17088 17103

>ENSBTAT00000067399
0 62 26165 26227
62 223 38434 38595
223 317 39282 39376
317 1758 51410 52851

>ENSBTAT00000025447
0 60 99 159
60 123 3639 3702
123 224 12589 12690
224 267 15859 15902
267 354 16092 16179
354 434 26065 26145
434 546 27509 27621
546 678 27745 27877

>ENSCAFT00000063917
0 449 68450 68899
449 574 76305 76430
574 881 77196 77503
881 921 93520 93560

>ENSCAFT00000017386
0 60 25 85
60 123 3612 3675
123 224 12853 12954
224 267 18016 18059
267 354 18249 18336
354 434 24420 24500
434 546 25586 25698
546 678 25823 25955

>ENST00000417097
0 60 516 576
60 123 8053 8116
123 138 24540 24555

>ENSCAFT00000048936
0 158 42928 43086
158 319 68060 68221
319 413 68805 68899
413 538 76305 76430
538 849 77196 77507

>ENSMUST00000220138
0 275 10488 10763

>ENSMUST00000027122
0 78 51 129
78 141 5446 5509
141 228 17317 17404
228 308 18915 18995
308 420 19740 19852
420 552 21444 21576

>ENSBTAT00000001063
0 418 73598 74016
418 621 169491 169694
621 651 214093 214123

>ENSGALT00000103370
0 47 25 72
47 208 88028 88189
208 302 89414 89508
302 427 95581 95706
427 738 97164 97475

>ENSCAFT00000015908
0 110 60652 60762
110 271 68060 68221
271 365 68805 68899
365 490 76305 76430
490 801 77196 77507

>ENSCAFT00000063489
0 168 3888 4056
168 637 4512 4981
637 840 7282 7485
840 870 7809 7839

>ENSMUST00000148409
0 273 3180 3453

>ENST00000319928
0 418 3570 3988
418 621 6687 6890
621 651 7207 7237

>ENSBTAT00000075784
0 418 73598 74016
418 621 169491 169694
621 651 214093 214123

>ENST00000448447
0 60 516 576
60 161 19959 20060
161 204 24540 24583
204 291 24780 24867
291 371 32765 32845
371 483 34704 34816
483 615 34944 35076

>ENST00000323303
0 60 516 576
60 123 8053 8116
123 224 19959 20060
224 267 24540 24583
267 354 24780 24867
354 434 32765 32845
434 546 34704 34816
546 678 34944 35076

>ENSBTAT00000021671
0 11 35862 35873
11 178 36132 36299
178 272 42174 42268
272 406 46473 46607
406 570 49067 49231
570 648 52296 52374

>ENSMUST00000030477
0 418 3180 3598
418 621 5541 5744
621 651 6030 6060

>ENST00000357066
0 421 18113 18534
421 624 19660 19863
624 654 23249 23279

>ENSCAFT00020040315
0 14 90 104
14 181 34279 34446
181 275 39158 39252
275 409 44766 44900
409 573 47049 47213
573 651 50026 50104

>ENSCAFT00020021478
0 418 0 418
418 621 2719 2922
621 651 3246 3276

>ENSMUST00000003438
0 421 10488 10909
421 624 11923 12126
624 654 14804 14834

>ENSCAFT00020020044
0 14 0 14
14 181 5272 5439
181 275 9838 9932
275 409 11765 11899
409 573 15586 15750
573 651 16970 17048

>ENSCAFT00000077728
0 60 25 85
60 161 12853 12954
161 204 18016 18059
204 291 18249 18336
291 371 24420 24500
371 483 25586 25698
483 615 25823 25955

>ENST00000592280
0 421 18113 18534
421 624 19660 19863
624 654 23249 23279

>ENSGALT00000049628
0 14 27 41
14 181 1708 1875
181 275 2303 2397
275 409 3668 3802
409 573 3956 4120
573 651 4638 4716

>ENST00000589902
0 167 18113 18280

>ENSMUST00000038658
0 14 238 252
14 181 3851 4018
181 345 12265 12429
345 423 14160 14238

>ENSCAFT00000069799
0 449 68450 68899
449 574 76305 76430
574 885 77196 77507

>ENSBTAT00000081480
0 14 140 154
14 181 36132 36299
181 275 42174 42268
275 409 46473 46607
409 573 49067 49231
573 651 52296 52374

>ENSMUST00000162553
0 27 5482 5509
27 128 13893 13994
128 171 17088 17131
171 258 17317 17404
258 338 18915 18995
338 450 19740 19852
450 562 21444 21556

>ENSCAFT00020025671
0 17 0 17
17 178 67956 68117
178 272 68701 68795
272 397 76204 76329
397 708 77097 77408

>ENSCAFT00000030888
0 269 0 269
269 802 4675 5208
802 1005 8027 8230
1005 1035 10194 10224

>ENSCAFT00000067748
0 449 68450 68899
449 574 76305 76430
574 792 77196 77414
792 1008 79418 79634

>ENSBTAT00000084315
0 421 11218 11639
421 771 15558 15908

>ENSMUST00000155580
0 46 3972 4018
46 143 6438 6535

>ENST00000329957
0 110 14691 14801
110 271 20362 20523
271 365 20761 20855
365 490 29828 29953
490 807 30759 31076

>ENSMUST00000209732
0 110 35126 35236
110 271 44560 44721
271 365 44893 44987
365 490 50688 50813
490 801 51487 51798

>ENSMUST00000133045
0 14 238 252
14 52 1612 1650
52 126 3851 3925

>ENSCAFT00020006658
0 60 71 131
60 123 3642 3705
123 224 13083 13184
224 267 18249 18292
267 354 18482 18569
354 434 24655 24735
434 546 25821 25933
546 678 26058 26190

>ENSBTAT00000047356
0 14 258 272
14 181 3184 3351
181 275 13369 13463
275 409 15165 15299
409 573 19251 19415
573 651 20388 20466

>ENSCAFT00020025374
0 421 8916 9337
421 624 12157 12360
624 654 14325 14355

>ENSMUST00000162364
0 60 69 129
60 123 5446 5509
123 224 13893 13994
224 267 17088 17131
267 354 17317 17404
354 434 18915 18995
434 546 19740 19852
546 678 21444 21576

>ENST00000409360
0 27 8089 8116
27 128 19959 20060
128 171 24540 24583
171 258 24780 24867
258 338 32765 32845
338 450 34704 34816
450 582 34944 35076

>ENST00000371940
0 418 3570 3988
418 621 6687 6890
621 651 7207 7237

>ENSCAFT00000074238
0 263 17131 17394
263 424 68060 68221
424 518 68805 68899
518 643 76305 76430
643 954 77196 77507

>ENSGALT00000018879
0 308 0 308
308 475 19952 20119
475 569 24616 24710
569 703 30438 30572
703 867 32938 33102
867 945 33704 33782

>ENSMUST00000210684
0 17 64 81
17 129 44560 44672
129 223 44893 44987
223 297 50688 50762

>ENST00000588048
0 53 18113 18166

>ENSBTAT00000081411
0 23 603 626
23 190 3184 3351
190 284 13369 13463
284 418 15165 15299
418 582 19251 19415
582 660 20388 20466

