>ENSCAFT00020016883
0 90 0 90
90 256 11909 12075
256 1005 29864 30613
1005 1146 46632 46773
1146 1323 48804 48981
1323 1388 51513 51578
1388 1488 57882 57982
1488 1542 58078 58132
1542 1704 63007 63169
1704 1749 63244 63289
1749 1944 66377 66572
1944 2006 69172 69234
2006 2104 69636 69734
2104 2268 71911 72075

>ENSBTAT00000026228
0 30 133 163
30 196 25613 25779
196 951 32546 33301
951 1092 40359 40500
1092 1269 42762 42939
1269 1334 43854 43919
1334 1434 46752 46852
1434 1485 47065 47116
1485 1647 49134 49296
1647 1695 49406 49454
1695 1893 57768 57966
1893 1946 58091 58144
1946 2044 59230 59328
2044 2235 69022 69213

>ENSBTAT00000082754
0 127 25652 25779
127 882 32546 33301
882 1023 40359 40500
1023 1200 42762 42939
1200 1265 43854 43919
1265 1379 46752 46866
1379 1563 49112 49296
1563 1611 49406 49454
1611 1809 57768 57966
1809 1862 58091 58144
1862 1960 59230 59328
1960 2151 69022 69213

>ENST00000294353
0 30 201 231
30 196 30005 30171
196 951 44567 45322
951 1092 53400 53541
1092 1269 58424 58601
1269 1334 63550 63615
1334 1434 69839 69939
1434 1485 70281 70332
1485 1647 75366 75528
1647 1695 75639 75687
1695 1893 87083 87281
1893 1946 87407 87460
1946 2044 90079 90177
2044 2235 94986 95177

>ENSMUST00000043793
0 84 126 210
84 250 7827 7993
250 1002 12702 13454
1002 1143 16715 16856
1143 1320 21728 21905
1320 1385 24001 24066
1385 1485 25897 25997
1485 1539 26085 26139
1539 1701 28318 28480
1701 1746 28557 28602
1746 1941 30614 30809
1941 2003 33554 33616
2003 2101 34303 34401
2101 2121 35927 35947

>ENSMUST00000043616
0 30 176 206
30 196 28713 28879
196 951 34524 35279
951 1092 41006 41147
1092 1269 45719 45896
1269 1334 48880 48945
1334 1434 50223 50323
1434 1485 50551 50602
1485 1647 56059 56221
1647 1695 56323 56371
1695 1893 58899 59097
1893 1946 59223 59276
1946 2044 63657 63755
2044 2235 64902 65093

>ENST00000371532
0 123 18238 18361
123 300 21470 21647
300 365 23992 24057
365 465 25028 25128
465 516 25216 25267
516 678 35171 35333
678 723 35414 35459
723 918 38960 39155
918 980 43322 43384
980 1078 44445 44543
1078 1254 50271 50447

>ENST00000612017
0 123 18238 18361
123 300 21470 21647
300 365 23992 24057
365 465 25028 25128
465 516 25216 25267
516 678 35171 35333
678 723 35414 35459
723 918 38960 39155
918 980 43322 43384
980 1078 44445 44543
1078 1254 50271 50447

>ENSMUST00000044751
0 158 11182 11340
158 309 13253 13404
309 746 13487 13924
746 962 14165 14381
962 1077 16250 16365
1077 1224 16463 16610
1224 1398 16917 17091
1398 1614 19563 19779
1614 1656 21005 21047
1656 1776 21149 21269
1776 1892 21741 21857
1892 2081 22632 22821
2081 2179 23452 23550
2179 2282 24169 24272
2282 2340 25742 25800

>ENST00000427848
0 158 16849 17007
158 306 18455 18603

>ENSCAFT00020033891
0 158 0 158
158 309 2240 2391
309 746 2603 3040
746 886 3330 3470
886 1044 4305 4463
1044 1191 4628 4775
1191 1365 5135 5309
1365 1581 9641 9857
1581 1623 10627 10669
1623 1743 10830 10950
1743 1859 11892 12008
1859 2048 12434 12623
2048 2146 13603 13701
2146 2249 15761 15864
2249 2307 17603 17661

>ENSCAFT00000080124
0 247 22497 22744
247 1002 39192 39947
1002 1143 49713 49854
1143 1320 50747 50924
1320 1385 52642 52707
1385 1485 56390 56490
1485 1536 56749 56800
1536 1698 59240 59402
1698 1896 66902 67100
1896 1949 67232 67285
1949 2047 68824 68922
2047 2238 83436 83627

>ENSCAFT00000077108
0 30 179 209
30 196 22578 22744
196 951 39192 39947
951 1092 49713 49854
1092 1269 50747 50924
1269 1334 52642 52707
1334 1434 56390 56490
1434 1485 56749 56800
1485 1647 59240 59402
1647 1695 59511 59559
1695 1704 60790 60799

>ENST00000545132
0 30 201 231
30 196 30005 30171
196 951 44567 45322
951 1092 53400 53541
1092 1269 58424 58601
1269 1334 63550 63615
1334 1434 69839 69939
1434 1485 70281 70332
1485 1647 75366 75528
1647 1695 75639 75687
1695 1701 79018 79024

>ENST00000291900
0 158 16849 17007
158 309 18455 18606
309 746 18814 19251
746 923 19565 19742
923 1038 20887 21002
1038 1185 21146 21293
1185 1359 21625 21799
1359 1575 29669 29885
1575 1617 30573 30615
1617 1737 30760 30880
1737 1853 31527 31643
1853 2042 32295 32484
2042 2140 36983 37081
2140 2243 38886 38989
2243 2301 41020 41078

>ENST00000414921
0 158 16849 17007
158 309 18455 18606
309 497 18814 19002

>ENSGALT00000007424
0 158 105 263
158 309 959 1110
309 746 1411 1848
746 923 3299 3476
923 1038 4577 4692
1038 1185 5150 5297
1185 1359 5568 5742
1359 1575 6421 6637
1575 1617 7289 7331
1617 1737 7662 7782
1737 1853 8197 8313
1853 2042 8668 8857
2042 2140 9836 9934
2140 2243 10310 10413
2243 2301 11500 11558

>ENSCAFT00000005976
0 30 179 209
30 196 22578 22744
196 951 39192 39947
951 1092 49713 49854
1092 1269 50747 50924
1269 1334 52642 52707
1334 1434 56390 56490
1434 1485 56749 56800
1485 1647 59240 59402
1647 1695 59511 59559
1695 1893 66902 67100
1893 1946 67232 67285
1946 2044 68824 68922
2044 2235 83436 83627

>ENSCAFT00020015645
0 247 0 247
247 1002 16755 17510
1002 1143 27278 27419
1143 1320 28311 28488
1320 1385 30208 30273
1385 1485 33956 34056
1485 1536 34315 34366
1536 1698 36806 36968
1698 1746 37077 37125
1746 1944 44465 44663
1944 1997 44795 44848
1997 2095 46386 46484
2095 2286 60991 61182

>ENSCAFT00000031886
0 158 11819 11977
158 309 13941 14092
309 746 14304 14741
746 923 15031 15208
923 1038 16051 16166
1038 1185 16331 16478
1185 1359 16838 17012
1359 1575 21370 21586
1575 1617 22356 22398
1617 1737 22559 22679
1737 1853 23620 23736
1853 2042 24165 24354
2042 2140 25334 25432
2140 2243 27486 27589
2243 2301 29328 29386

>ENSCAFT00000084785
0 158 11819 11977
158 309 13941 14092
309 489 14304 14484
489 578 14652 14741
578 755 15031 15208
755 870 16051 16166
870 1017 16331 16478
1017 1191 16838 17012
1191 1407 21370 21586
1407 1449 22356 22398
1449 1569 22559 22679
1569 1685 23620 23736
1685 1874 24165 24354
1874 1972 25334 25432
1972 2075 27486 27589
2075 2133 29328 29386

>ENSBTAT00000052828
0 90 196 286
90 256 16942 17108
256 1008 27186 27938
1008 1149 41947 42088
1149 1326 45485 45662
1326 1391 48162 48227
1391 1491 48756 48856
1491 1545 48949 49003
1545 1707 53643 53805
1707 1752 53880 53925
1752 1947 56094 56289
1947 2009 58046 58108
2009 2107 58653 58751
2107 2271 61808 61972

>ENSCAFT00020033921
0 158 0 158
158 309 2240 2391
309 746 2603 3040
746 923 3330 3507
923 1105 4348 4530
1105 1206 8454 8555

>ENSMUST00000113677
0 158 11182 11340
158 309 13253 13404
309 746 13487 13924
746 923 14204 14381
923 1038 16250 16365
1038 1185 16463 16610
1185 1359 16917 17091
1359 1575 19563 19779
1575 1617 21005 21047
1617 1737 21149 21269
1737 1853 21741 21857
1853 2042 22632 22821
2042 2140 23452 23550
2140 2243 24169 24272
2243 2301 25742 25800

>ENSCAFT00020033914
0 158 0 158
158 309 2240 2391
309 746 2603 3040
746 923 3330 3507
923 1038 4348 4463
1038 1059 4565 4586
1059 1185 4649 4775
1185 1359 5135 5309
1359 1575 9641 9857
1575 1617 10627 10669
1617 1737 10830 10950
1737 1853 11892 12008
1853 2042 12434 12623
2042 2140 13603 13701
2140 2243 15761 15864
2243 2301 17603 17661

>ENSGALT00000017315
0 3 42 45
3 169 5185 5351
169 924 7737 8492
924 1065 10741 10882
1065 1242 11812 11989
1242 1307 12703 12768
1307 1407 13373 13473
1407 1458 13560 13611
1458 1620 14213 14375
1620 1668 14467 14515
1668 1866 15109 15307
1866 1919 15396 15449
1919 2017 16335 16433
2017 2208 18562 18753

>ENST00000371528
0 90 373 463
90 256 11954 12120
256 1008 14487 15239
1008 1149 18220 18361
1149 1326 21470 21647
1326 1391 23992 24057
1391 1491 25028 25128
1491 1542 25216 25267
1542 1704 35171 35333
1704 1749 35414 35459
1749 1944 38960 39155
1944 2006 43322 43384
2006 2104 44445 44543
2104 2280 50271 50447

>ENSMUST00000106690
0 90 126 216
90 256 7827 7993
256 1008 12702 13454
1008 1149 16715 16856
1149 1326 21728 21905
1326 1391 24001 24066
1391 1491 25897 25997
1491 1545 26085 26139
1545 1707 28318 28480
1707 1752 28557 28602
1752 1947 30614 30809
1947 2009 33554 33616
2009 2107 34303 34401
2107 2127 35927 35947

>ENSCAFT00020033916
0 158 0 158
158 309 2240 2391
309 746 2603 3040
746 923 3330 3507
923 1038 4348 4463
1038 1185 4628 4775
1185 1359 5135 5309
1359 1575 9641 9857
1575 1617 10627 10669
1617 1737 10830 10950
1737 1853 11892 12008
1853 2042 12434 12623
2042 2140 13603 13701
2140 2243 15761 15864
2243 2248 15894 15899
2248 2274 17635 17661

>ENSCAFT00000030487
0 90 0 90
90 256 11918 12084
256 1005 30075 30824
1005 1146 46860 47001
1146 1323 49032 49209
1323 1388 51743 51808
1388 1488 58067 58167
1488 1542 58263 58317
1542 1704 63190 63352
1704 1749 63427 63472
1749 1944 66561 66756
1944 2006 69353 69415
2006 2104 69817 69915
2104 2265 72092 72253
2265 2280 72256 72271

>ENSBTAT00000013468
0 158 11227 11385
158 309 12667 12818
309 746 13241 13678
746 923 13942 14119
923 1038 15379 15494
1038 1185 15639 15786
1185 1359 16126 16300
1359 1575 19517 19733
1575 1617 20652 20694
1617 1737 20853 20973
1737 1853 21845 21961
1853 2042 22583 22772
2042 2140 23815 23913
2140 2243 26532 26635
2243 2301 28417 28475

>ENSCAFT00000075890
0 158 11819 11977
158 309 13941 14092
309 746 14304 14741
746 923 15031 15208
923 1038 16051 16166
1038 1212 16838 17012
1212 1428 21370 21586
1428 1470 22356 22398
1470 1590 22559 22679
1590 1706 23620 23736
1706 1895 24165 24354
1895 1993 25334 25432
1993 2096 27486 27589
2096 2154 29328 29386

>ENSMUST00000223127
0 90 126 216
90 256 7827 7993
256 1008 12702 13454
1008 1149 16715 16856
1149 1326 21728 21905
1326 1391 24001 24066
1391 1491 25897 25997
1491 1545 26085 26139
1545 1707 28318 28480
1707 1752 28557 28602
1752 1947 30614 30809
1947 2009 33554 33616
2009 2107 34303 34401
2107 2283 36135 36311

>ENSGALT00000054395
0 158 105 263
158 309 959 1110
309 372 1411 1474
372 629 1591 1848
629 806 3299 3476
806 921 4577 4692
921 1068 5150 5297
1068 1242 5568 5742
1242 1458 6421 6637
1458 1500 7289 7331
1500 1620 7662 7782
1620 1736 8197 8313
1736 1925 8668 8857
1925 2023 9836 9934
2023 2126 10310 10413
2126 2184 11500 11558

