>ENST00000563117
0 24 97530 97554
24 181 98990 99147
181 282 99947 100048
282 364 100311 100393
364 453 100998 101087
453 1797 101282 102626

>ENSBTAT00000020671
0 510 140 650
510 586 3069 3145
586 864 14779 15057
864 981 34559 34676
981 1041 41420 41480
1041 1133 45698 45790
1133 1206 72698 72771
1206 1306 106877 106977
1306 1389 130618 130701

>ENSMUST00000033927
0 96 829 925
96 275 4817 4996
275 486 13470 13681
486 570 17553 17637
570 680 19628 19738
680 795 21685 21800
795 1038 26826 27069

>ENST00000564349
0 24 97530 97554
24 181 98990 99147
181 282 99947 100048
282 364 100311 100393
364 453 100998 101087
453 1797 101282 102626

>ENSCAFT00000010754
0 108 173 281
108 287 5161 5340
287 498 8943 9154
498 582 13256 13340
582 692 14628 14738
692 807 16744 16859
807 1050 25274 25517

>ENSCAFT00000028477
0 23 0 23
23 91 1279 1347
91 175 1432 1516
175 303 2026 2154
303 460 2658 2815
460 561 4015 4116
561 643 4573 4655
643 732 5253 5342
732 2040 5535 6843

>ENSMUST00000037127
0 135 231 366
135 211 2603 2679
211 489 14256 14534
489 606 32235 32352
606 666 38733 38793
666 758 42706 42798
758 831 64804 64877
831 931 98942 99042
931 1014 123376 123459

>ENST00000649995
0 135 234 369
135 211 2335 2411
211 489 15938 16216
489 606 35516 35633
606 666 42032 42092
666 758 46859 46951
758 831 70353 70426
831 931 107222 107322
931 948 122872 122889

>ENSGALT00000045747
0 23 81 104
23 166 226 369
166 294 536 664
294 451 778 935
451 552 1234 1335
552 634 2373 2455
634 723 2956 3045
723 2049 3231 4557

>ENSBTAT00000069014
0 39 38411 38450
39 120 41399 41480
120 212 45698 45790
212 285 72698 72771
285 385 106877 106977
385 468 130618 130701

>ENSMUST00000063902
0 23 118 141
23 91 1560 1628
91 175 1710 1794
175 303 2830 2958
303 460 3668 3825
460 561 6224 6325
561 643 6573 6655
643 732 7231 7320
732 807 21439 21514
807 825 21714 21732

>ENSGALT00000105328
0 183 481 664
183 340 778 935
340 441 1234 1335
441 523 2373 2455
523 583 2812 2872
583 672 2956 3045
672 1998 3231 4557

>ENST00000372257
0 135 234 369
135 211 2335 2411
211 489 15938 16216
489 606 35516 35633
606 666 42032 42092
666 758 46859 46951
758 831 70353 70426
831 931 107222 107322
931 1014 133620 133703

>ENSMUST00000125312
0 30 32322 32352
30 90 38733 38793
90 182 42706 42798
182 378 64804 65000

>ENSCAFT00020001182
0 108 177 285
108 287 5391 5570
287 498 9173 9384
498 582 13482 13566
582 692 14853 14963
692 807 16968 17083
807 1050 25492 25735

>ENST00000250263
0 108 917 1025
108 287 5823 6002
287 498 9395 9606
498 582 14175 14259
582 692 16150 16260
692 807 18203 18318
807 1050 27645 27888

>ENSBTAT00000078883
0 23 9013 9036
23 91 12745 12813
91 175 12893 12977
175 303 13591 13719
303 460 14331 14488
460 561 15863 15964
561 643 16509 16591
643 732 22588 22677
732 2070 22878 24216

>ENSBTAT00000064195
0 498 67 565
498 889 649 1040
889 1029 1158 1298

>ENSCAFT00020025365
0 510 0 510
510 586 2524 2600
586 864 15122 15400
864 981 33772 33889
981 1041 40346 40406
1041 1133 44666 44758
1133 1206 66829 66902
1206 1306 102896 102996
1306 1389 127680 127763

>ENSMUST00000139192
0 23 118 141
23 91 1560 1628
91 219 2830 2958
219 376 3668 3825
376 477 6224 6325
477 483 7231 7237

>ENSBTAT00000008456
0 23 9013 9036
23 91 12745 12813
91 175 12893 12977
175 303 13591 13719
303 460 14331 14488
460 561 15863 15964
561 643 16509 16591
643 732 22588 22677
732 2070 22878 24216

>ENSBTAT00000012775
0 108 254 362
108 287 4237 4416
287 498 5654 5865
498 582 10421 10505
582 692 11843 11953
692 807 14722 14837
807 1050 16137 16380

>ENSMUST00000144373
0 94 2585 2679
94 372 14256 14534
372 493 32235 32356

>ENSCAFT00020032134
0 95 0 95
95 163 1351 1419
163 247 1504 1588
247 375 2098 2226
375 532 2730 2887
532 633 4087 4188
633 715 4647 4729
715 804 5327 5416
804 2112 5610 6918

>ENSGALT00000091957
0 183 481 664
183 340 778 935
340 441 1234 1335
441 523 2373 2455
523 612 2956 3045
612 1938 3231 4557

>ENSMUST00000210483
0 77 4919 4996
77 154 13470 13547

>ENSCAFT00000065303
0 23 0 23
23 91 1279 1347
91 219 2026 2154
219 376 2658 2815
376 477 4015 4116
477 559 4573 4655
559 648 5253 5342
648 1956 5535 6843

>ENST00000569729
0 23 93919 93942
23 91 96679 96747
91 175 96833 96917
175 303 97426 97554
303 460 98990 99147
460 561 99947 100048
561 643 100311 100393
643 732 100998 101087
732 840 102138 102246

>ENST00000357967
0 23 93919 93942
23 91 96679 96747
91 175 96833 96917
175 303 97426 97554
303 460 98990 99147
460 561 99947 100048
561 643 100311 100393
643 732 100998 101087
732 2076 101282 102626

>ENST00000568805
0 23 93919 93942
23 91 96679 96747
91 175 96833 96917
175 303 97426 97554
303 460 98990 99147
460 471 100311 100322

>ENSMUST00000106523
0 23 118 141
23 91 1560 1628
91 175 1710 1794
175 303 2830 2958
303 460 3668 3825
460 561 6224 6325
561 643 6573 6655
643 732 7231 7320
732 774 25166 25208

>ENSBTAT00000034295
0 75 34601 34676
75 135 41420 41480
135 227 45698 45790
227 300 72698 72771
300 400 106877 106977
400 483 130618 130701

>ENSBTAT00000067527
0 205 515 720
205 483 14779 15057
483 651 34559 34727
651 743 45698 45790
743 816 72698 72771
816 916 106877 106977
916 999 130618 130701

>ENSMUST00000033224
0 23 118 141
23 91 1560 1628
91 117 1715 1741

>ENSBTAT00000066410
0 108 254 362
108 287 4237 4416
287 498 5654 5865
498 608 11843 11953
608 723 14722 14837
723 966 16137 16380

>ENST00000452396
0 135 234 369
135 252 35516 35633
252 312 42032 42092
312 404 46859 46951
404 477 70353 70426
477 533 107222 107278

>ENST00000520684
0 108 917 1025
108 287 5823 6002
287 300 6885 6898

>ENST00000521844
0 108 917 1025
108 135 1927 1954

>ENSCAFT00000007745
0 510 0 510
510 586 2524 2600
586 864 15122 15400
864 981 33780 33897
981 1041 40354 40414
1041 1133 44674 44766
1133 1206 66638 66711
1206 1306 102653 102753
1306 1389 127341 127424

>ENST00000372259
0 144 32392 32536
144 261 35516 35633
261 321 42032 42092
321 413 46859 46951
413 486 70353 70426
486 586 107222 107322
586 669 133620 133703

>ENST00000300005
0 23 93919 93942
23 91 96679 96747
91 175 96833 96917
175 303 97426 97554
303 460 98990 99147
460 561 99947 100048
561 643 100311 100393
643 732 100998 101087
732 815 109417 109500
815 894 110792 110871
894 987 119615 119708

>ENSMUST00000210884
0 77 4919 4996
77 285 13470 13678

>ENST00000457571
0 135 234 369
135 211 2335 2411
211 483 15944 16216
483 600 35516 35633
600 660 42032 42092
660 755 46859 46954

>ENST00000523898
0 108 917 1025
108 287 5823 6002
287 498 9395 9606
498 582 14175 14259
582 692 16150 16260
692 807 18203 18318
807 1050 27645 27888

>ENSCAFT00000092362
0 510 0 510
510 627 33780 33897
627 687 40354 40414
687 779 44674 44766
779 852 66638 66711
852 1056 102653 102857

>ENSBTAT00000076076
0 498 67 565
498 1170 649 1321

>ENSMUST00000150844
0 23 118 141
23 91 1560 1628
91 175 1710 1794
175 303 2830 2958
303 460 3668 3825
460 561 6224 6325
561 643 6573 6655
643 732 7231 7320
732 2067 7514 8849

>ENSGALT00000016435
0 111 8236 8347
111 177 8429 8495
177 294 20464 20581
294 354 24331 24391
354 446 26182 26274
446 519 43586 43659
519 619 71365 71465
619 658 95698 95737
658 735 96998 97075

>ENST00000489710
0 28 107294 107322
28 87 124790 124849

>ENSGALT00000054775
0 45 23 68
45 221 660 836
221 432 2424 2635
432 516 3393 3477
516 626 4128 4238
626 741 5975 6090
741 984 7971 8214

>ENST00000519292
0 108 917 1025
108 287 5823 6002
287 498 9395 9606
498 582 14175 14259
582 692 16150 16260
692 807 18203 18318
807 1050 27645 27888

>ENSCAFT00000084598
0 510 0 510
510 586 2524 2600
586 864 15122 15400
864 918 15509 15563
918 1035 33780 33897
1035 1095 40354 40414
1095 1187 44674 44766
1187 1260 66638 66711
1260 1360 102653 102753
1360 1443 127341 127424

>ENST00000479101
0 64 107258 107322
64 222 113180 113338

>ENST00000456170
0 117 35516 35633
117 177 42032 42092
177 269 46859 46951
269 342 70353 70426
342 426 71191 71275
426 526 107222 107322
526 609 133620 133703

