>ENSBTAT00000020514
0 162 5426 5588
162 415 6298 6551
415 672 7275 7532

>ENSBTAT00000034148
0 154 0 154
154 330 11367 11543
330 580 16704 16954
580 852 17709 17981

>ENSBTAT00000074331
0 162 5426 5588
162 415 6298 6551
415 672 7275 7532

>ENSCAFT00000023844
0 154 668 822
154 330 12917 13093
330 580 18332 18582
580 852 19347 19619

>ENSCAFT00000031802
0 162 5717 5879
162 415 6647 6900
415 672 8063 8320

>ENSCAFT00000088467
0 16 2832 2848
16 228 5667 5879
228 481 6647 6900
481 738 8063 8320

>ENSCAFT00020032516
0 154 0 154
154 330 12244 12420
330 580 17637 17887
580 852 18652 18924

>ENSCAFT00020034974
0 162 5936 6098
162 415 6866 7119
415 672 8282 8539

>ENSCAFT00020034975
0 162 5936 6098
162 684 6866 7388

>ENSGALT00000085663
0 162 2634 2796
162 415 2942 3195
415 672 3574 3831

>ENSGALT00000089974
0 162 2634 2796
162 415 2942 3195
415 672 3574 3831

>ENSGALT00000105253
0 154 81 235
154 330 6960 7136
330 580 12899 13149
580 855 16646 16921

>ENSMUST00000041830
0 162 11845 12007
162 415 12623 12876
415 672 14536 14793

>ENSMUST00000127566
0 162 11845 12007
162 355 12623 12816

>ENSMUST00000128303
0 162 11845 12007
162 235 12623 12696

>ENSMUST00000129712
0 98 11845 11943
98 213 12623 12738

>ENSMUST00000138889
0 98 11845 11943
98 213 12623 12738

>ENSMUST00000143970
0 158 11849 12007
158 411 12623 12876
411 434 14430 14453

>ENSMUST00000152374
0 162 11845 12007
162 415 12623 12876
415 439 14536 14560

>ENSMUST00000159679
0 154 177 331
154 330 7974 8150
330 580 20980 21230
580 852 21944 22216

>ENSMUST00000160495
0 154 177 331
154 162 2706 2714

>ENST00000372480
0 162 23820 23982
162 415 25170 25423
415 672 26324 26581

>ENST00000372481
0 162 23820 23982
162 330 25170 25338
330 438 26324 26432

>ENST00000372483
0 162 23820 23982
162 415 25170 25423
415 672 26324 26581

>ENST00000372486
0 162 23820 23982
162 415 25170 25423
415 672 26324 26581

>ENST00000439373
0 154 107 261
154 330 14517 14693
330 580 20501 20751
580 852 21485 21757

>ENST00000459968
0 973 23820 24793

>ENST00000481189
0 98 23820 23918
98 213 25170 25285

>ENST00000482347
0 151 25272 25423
151 408 26324 26581

>ENST00000611055
0 162 23820 23982
162 415 25170 25423
415 672 26324 26581

>ENST00000613644
0 162 23820 23982
162 415 25170 25423
415 672 26324 26581

>ENST00000617943
0 151 25272 25423
151 408 26324 26581

