>ENSBTAT00000003576
0 45 0 45
45 118 4697 4770
118 255 4965 5102
255 387 5673 5805
387 428 6487 6528
428 471 6916 6959
471 526 8241 8296
526 657 8622 8753
657 768 9689 9800
768 806 9929 9967
806 942 10146 10282
942 1079 10610 10747
1079 1302 12364 12587
1302 1420 17722 17840
1420 1558 18163 18301
1558 1680 18531 18653
1680 1870 18772 18962
1870 2037 19231 19398
2037 2224 20053 20240
2224 2451 21795 22022

>ENSBTAT00000006775
0 111 0 111
111 184 1900 1973
184 321 2577 2714
321 450 2803 2932
450 491 3353 3394
491 534 3607 3650
534 601 4117 4184
601 768 6675 6842
768 873 6937 7042
873 911 7234 7272
911 1047 7461 7597
1047 1184 9182 9319
1184 1407 9542 9765
1407 1522 10494 10609
1522 1660 10834 10972
1660 1768 11063 11171
1768 1963 12143 12338
1963 2130 12605 12772
2130 2317 13291 13478
2317 2538 13771 13992

>ENSBTAT00000017685
0 33 33427 33460
33 115 47722 47804
115 264 74260 74409
264 378 75487 75601
378 416 90280 90318
416 558 92987 93129
558 695 109096 109233
695 918 117876 118099
918 1033 119007 119122
1033 1171 128435 128573
1171 1264 128661 128754
1264 1336 133331 133403
1336 1579 139257 139500
1579 1764 147541 147726
1764 1960 159510 159706
1960 2118 161450 161608
2118 2250 173691 173823

>ENSBTAT00000029229
0 75 1416 1491
75 166 4800 4891
166 303 10890 11027
303 486 13008 13191
486 547 20690 20751
547 714 21625 21792
714 798 22130 22214
798 836 22567 22605
836 972 24682 24818
972 1109 26132 26269
1109 1332 29287 29510
1332 1447 32075 32190
1447 1585 32712 32850
1585 1693 34258 34366
1693 1897 34908 35112
1897 2064 36443 36610
2064 2248 37791 37975
2248 2466 38623 38624

>ENSBTAT00000036104
0 81 0 81
81 151 4821 4891
151 288 10890 11027
288 420 13008 13140
420 443 14729 14752
443 463 14785 14805
463 663 21586 21786
663 753 22130 22220
753 921 24650 24818
921 1058 26132 26269
1058 1281 29287 29510
1281 1396 32075 32190
1396 1534 32712 32850
1534 1642 34258 34366
1642 1846 34908 35112
1846 2013 36443 36610
2013 2197 37791 37975
2197 2415 38623 38624

>ENSBTAT00000061035
0 9 117 126
9 82 1320 1393
82 219 1657 1794
219 351 1907 2039
351 392 2393 2434
392 435 2625 2668
435 490 2923 2978
490 621 3306 3437
621 705 3645 3729
705 743 3986 4024
743 879 4928 5064
879 1016 5757 5894
1016 1239 6108 6331
1239 1357 6466 6584
1357 1495 6873 7011
1495 1600 7182 7287
1600 1780 7419 7599
1780 1947 7913 8080
1947 2134 8601 8788
2134 2355 8893 9114

>ENSBTAT00000067227
0 9 117 126
9 82 1320 1393
82 219 1657 1794
219 351 1907 2039
351 392 2393 2434
392 435 2625 2668
435 490 2923 2978
490 621 3306 3437
621 705 3645 3729
705 743 3986 4024
743 879 4928 5064
879 1016 5757 5894
1016 1239 6108 6331
1239 1357 6466 6584
1357 1495 6873 7011
1495 1600 7182 7287
1600 1780 7419 7599
1780 1947 7913 8080
1947 2460 8601 9114

>ENSBTAT00000073100
0 6 47405 47411
6 88 47722 47804
88 237 74260 74409
237 351 75487 75601
351 389 90280 90318
389 531 92987 93129
531 668 109096 109233
668 891 117876 118099
891 1006 119007 119122
1006 1144 128435 128573
1144 1237 128661 128754
1237 1309 133331 133403
1309 1552 139257 139500
1552 1737 147541 147726
1737 1933 159510 159706
1933 2091 161450 161608
2091 2223 173691 173823

>ENSBTAT00000078329
0 33 33427 33460
33 115 47722 47804
115 264 74260 74409
264 378 75487 75601
378 416 90280 90318
416 558 92987 93129
558 695 109096 109233
695 918 117876 118099
918 1033 119007 119122
1033 1171 128435 128573
1171 1264 128661 128754
1264 1336 133331 133403
1336 1579 139257 139500
1579 1764 147541 147726
1764 1960 159510 159706
1960 2118 161450 161608
2118 2250 173691 173823

>ENSBTAT00000078489
0 115 4517 4632
115 211 4795 4891
211 348 10890 11027
348 531 13008 13191
531 592 20690 20751
592 759 21625 21792
759 843 22130 22214
843 881 22567 22605
881 1017 24682 24818
1017 1154 26132 26269
1154 1377 29287 29510
1377 1492 32075 32190
1492 1630 32712 32850
1630 1738 34258 34366
1738 1942 34908 35112
1942 2109 36443 36610
2109 2293 37791 37975
2293 2511 38406 38624

>ENSCAFT00000015456
0 9 7528 7537
9 82 9079 9152
82 219 9446 9583
219 351 9707 9839
351 392 10179 10220
392 435 10394 10437
435 490 10691 10746
490 621 11034 11165
621 705 11438 11522
705 743 11799 11837
743 879 12416 12552
879 1016 13191 13328
1016 1239 13547 13770
1239 1357 13892 14010
1357 1495 14287 14425
1495 1600 14625 14730
1600 1780 14888 15068
1780 1947 15412 15579
1947 2134 16568 16755
2134 2355 16830 17051

>ENSCAFT00000015461
0 64 71 135
64 218 3749 3903
218 472 3975 4229
472 529 4639 4696
529 625 5187 5283
625 702 5480 5557
702 862 5784 5944
862 951 6038 6127

>ENSCAFT00000015843
0 46 23594 23640
46 183 35023 35160
183 315 36876 37008
315 356 38018 38059
356 399 39806 39849
399 463 40699 40763
463 624 41651 41812
624 714 41909 41999
714 752 42371 42409
752 888 44463 44599
888 1025 45855 45992
1025 1248 48289 48512
1248 1363 50485 50600
1363 1501 51115 51253
1501 1609 51574 51682
1609 1813 52231 52435
1813 1980 53472 53639
1980 2164 54955 55139
2164 2385 55612 55833

>ENSCAFT00000015847
0 45 345 390
45 118 5643 5716
118 255 5904 6041
255 387 6604 6736
387 428 7637 7678
428 471 8005 8048
471 535 9401 9465
535 672 9816 9953
672 783 10962 11073
783 821 11200 11238
821 957 11419 11555
957 1094 11864 12001
1094 1317 13212 13435
1317 1435 19061 19179
1435 1573 19521 19659
1573 1681 19889 19997
1681 1858 20136 20313
1858 2025 20587 20754
2025 2212 21804 21991
2212 2439 23136 23363

>ENSCAFT00000015866
0 111 0 111
111 184 1151 1224
184 321 1840 1977
321 450 2069 2198
450 491 2624 2665
491 534 2760 2803
534 601 3227 3294
601 771 4932 5102
771 885 5235 5349
885 923 5585 5623
923 1059 5854 5990
1059 1196 7606 7743
1196 1419 8012 8235
1419 1534 9311 9426
1534 1672 9657 9795
1672 1780 9894 10002
1780 1975 11460 11655
1975 2142 11898 12065
2142 2329 12870 13057
2329 2613 13354 13638

>ENSCAFT00000021881
0 33 70 103
33 115 12948 13030
115 264 34798 34947
264 378 35664 35778
378 416 47590 47628
416 558 51977 52119
558 695 67334 67471
695 918 75179 75402
918 1033 76151 76266
1033 1171 82378 82516
1171 1264 82604 82697
1264 1336 86515 86587
1336 1579 92260 92503
1579 1764 100363 100548
1764 1960 111752 111948
1960 2118 113431 113589
2118 2250 121929 122061

>ENSCAFT00000048065
0 20 5537 5557
20 180 5784 5944
180 253 9079 9152
253 390 9446 9583
390 522 9707 9839
522 563 10179 10220
563 606 10394 10437
606 661 10691 10746
661 792 11034 11165
792 876 11438 11522
876 914 11799 11837
914 1050 12416 12552
1050 1187 13191 13328
1187 1410 13547 13770
1410 1528 13892 14010
1528 1666 14287 14425
1666 1771 14625 14730
1771 1951 14888 15068
1951 2118 15412 15579
2118 2305 16568 16755
2305 2526 16830 17051

>ENSCAFT00000064290
0 140 377 517
140 252 23528 23640
252 325 29056 29129
325 462 35023 35160
462 594 36876 37008
594 635 38018 38059
635 678 39806 39849
678 742 40699 40763
742 903 41651 41812
903 993 41909 41999
993 1031 42371 42409
1031 1167 44463 44599
1167 1304 45855 45992
1304 1527 48289 48512
1527 1642 50485 50600
1642 1780 51115 51253
1780 1888 51574 51682
1888 2092 52231 52435
2092 2259 53472 53639
2259 2443 54955 55139
2443 2664 55612 55833

>ENSCAFT00000069145
0 4 13026 13030
4 153 34798 34947
153 267 35664 35778
267 305 47590 47628
305 447 51977 52119
447 584 67334 67471
584 807 75179 75402
807 922 76151 76266
922 1060 82378 82516
1060 1153 82604 82697
1153 1225 86515 86587
1225 1468 92260 92503
1468 1653 100363 100548
1653 1849 111752 111948
1849 2007 113431 113589
2007 2106 134113 134212

>ENSCAFT00000089760
0 264 253 517
264 337 29056 29129
337 474 35023 35160
474 606 36876 37008
606 647 38018 38059
647 690 39806 39849
690 754 40699 40763
754 915 41651 41812
915 1005 41909 41999
1005 1043 42371 42409
1043 1179 44463 44599
1179 1316 45855 45992
1316 1539 48289 48512
1539 1654 50485 50600
1654 1792 51115 51253
1792 1900 51574 51682
1900 2104 52231 52435
2104 2271 53472 53639
2271 2455 54955 55139
2455 2676 55612 55833

>ENSCAFT00020006628
0 111 0 111
111 184 1151 1224
184 321 1820 1957
321 450 2049 2178
450 580 3144 3274
580 750 4912 5082
750 864 5215 5329
864 902 5566 5604
902 1038 5835 5971
1038 1175 7587 7724
1175 1398 7993 8216
1398 1513 9293 9408
1513 1651 9639 9777
1651 1759 9876 9984
1759 1954 11462 11657
1954 2121 11900 12067
2121 2308 12872 13059
2308 2592 13356 13640

>ENSCAFT00020006636
0 31 1081 1112
31 126 4987 5082
126 240 5215 5329
240 278 5566 5604
278 414 5835 5971
414 551 7587 7724
551 774 7993 8216
774 889 9293 9408
889 1027 9639 9777
1027 1135 9876 9984
1135 1330 11462 11657
1330 1497 11900 12067
1497 1684 12872 13059
1684 1968 13356 13640

>ENSCAFT00020006667
0 4 0 4
4 115 1008 1119
115 252 1307 1444
252 396 2007 2151
396 460 4805 4869
460 597 5221 5358
597 708 6129 6240
708 746 6367 6405
746 882 6586 6722
882 1019 7031 7168
1019 1242 8379 8602
1242 1360 14247 14365
1360 1498 14707 14845
1498 1606 15075 15183
1606 1783 15322 15499
1783 1950 15773 15940
1950 2137 16993 17180
2137 2364 18326 18553

>ENSCAFT00020006686
0 81 0 81
81 154 5501 5574
154 291 11477 11614
291 486 13330 13525
486 550 17140 17204
550 711 18092 18253
711 801 18350 18440
801 839 18808 18846
839 975 20901 21037
975 1112 22293 22430
1112 1335 24711 24934
1335 1450 26914 27029
1450 1588 27545 27683
1588 1696 28004 28112
1696 1900 28661 28865
1900 2067 29901 30068
2067 2251 31410 31594
2251 2472 32065 32286

>ENSCAFT00020006735
0 325 0 325
325 498 358 531
498 635 1170 1307
635 858 1526 1749
858 976 1871 1989
976 1102 2266 2392
1102 1405 2744 3047
1405 1572 3391 3558
1572 1884 4718 5030

>ENSCAFT00020024235
0 33 20536 20569
33 115 33427 33509
115 264 55262 55411
264 378 56128 56242
378 416 68052 68090
416 558 73021 73163
558 695 88585 88722
695 918 96430 96653
918 1033 97402 97517
1033 1171 103644 103782
1171 1264 103870 103963
1264 1336 107778 107850
1336 1579 113697 113940
1579 1764 121654 121839
1764 1960 132820 133016
1960 2118 134499 134657
2118 2250 142961 143093

>ENSGALT00000008121
0 33 14133 14166
33 115 19912 19994
115 264 33371 33520
264 378 36966 37080
378 416 39924 39962
416 558 42033 42175
558 695 49251 49388
695 918 53143 53366
918 1033 55265 55380
1033 1171 58772 58910
1171 1264 59241 59334
1264 1336 61461 61533
1336 1459 62024 62147
1459 1702 63435 63678
1702 1887 71279 71464
1887 2083 73910 74106
2083 2241 74298 74456
2241 2370 75932 76061

>ENSGALT00000014202
0 21 0 21
21 94 5747 5820
94 231 7341 7478
231 363 8154 8286
363 422 9585 9644
422 465 10866 10909
465 529 12064 12128
529 657 12536 12664
657 768 12791 12902
768 806 13913 13951
806 942 14894 15030
942 1079 16011 16148
1079 1302 16381 16604
1302 1420 17222 17340
1420 1558 18360 18498
1558 1663 18761 18866
1663 1849 19391 19577
1849 2016 21961 22128
2016 2203 23033 23220
2203 2448 24274 24519

>ENSGALT00000032639
0 27 5384 5411
27 159 5992 6124
159 296 7172 7309
296 522 7684 7910
522 637 8943 9058
637 775 9489 9627
775 883 10896 11004
883 1072 12023 12212
1072 1239 13091 13258
1239 1426 13788 13975
1426 1743 16706 17023

>ENSGALT00000044287
0 27 0 27
27 63 467 503
63 136 6029 6102
136 273 9906 10043
273 405 10748 10880
405 446 11354 11395
446 489 17739 17782
489 553 18264 18328
553 696 19180 19323
696 786 19470 19560
786 824 20222 20260
824 960 22092 22228
960 1097 24018 24155
1097 1320 25273 25496
1320 1435 26422 26537
1435 1573 27216 27354
1573 1681 27628 27736
1681 1873 28172 28364
1873 2043 28848 29018
2043 2230 30279 30466
2230 2439 31291 31500

>ENSGALT00000045135
0 52 25 77
52 160 752 860
160 352 1512 1704
352 519 2034 2201
519 703 3673 3857
703 942 4717 4956

>ENSGALT00000045962
0 96 0 96
96 201 1382 1487
201 274 10285 10358
274 411 14100 14237
411 543 15224 15356
543 584 16836 16877
584 627 17832 17875
627 685 18391 18449
685 852 18901 19068
852 939 19185 19272
939 977 20409 20447
977 1125 21510 21658
1125 1262 22493 22630
1262 1485 23606 23829
1485 1600 24169 24284
1600 1738 25411 25549
1738 1846 26823 26931
1846 2038 28129 28321
2038 2205 29079 29246
2205 2392 30142 30329
2392 2604 30985 31197

>ENSGALT00000048470
0 33 14133 14166
33 115 19912 19994
115 264 33371 33520
264 378 36966 37080
378 416 39924 39962
416 558 42033 42175
558 695 49251 49388
695 918 53143 53366
918 1033 55265 55380
1033 1171 58772 58910
1171 1264 59241 59334
1264 1336 61461 61533
1336 1579 63435 63678
1579 1764 71279 71464
1764 1960 73910 74106
1960 2118 74298 74456
2118 2247 75932 76061

>ENSGALT00000059534
0 4 19990 19994
4 153 33371 33520
153 267 36966 37080
267 305 39924 39962
305 447 42033 42175
447 584 49251 49388
584 807 53143 53366
807 922 55265 55380
922 1060 58772 58910
1060 1153 59241 59334
1153 1225 61461 61533
1225 1468 63435 63678
1468 1653 71279 71464
1653 1849 73910 74106
1849 2007 74298 74456
2007 2136 75932 76061

>ENSGALT00000070336
0 111 0 111
111 184 3483 3556
184 321 4530 4667
321 444 5488 5611
444 485 7084 7125
485 528 7719 7762
528 595 8964 9031
595 765 9322 9492
765 879 9729 9843
879 917 10311 10349
917 1053 11351 11487
1053 1190 12166 12303
1190 1413 13352 13575
1413 1528 14132 14247
1528 1663 14790 14925
1663 1801 15046 15184
1801 1909 16659 16767
1909 2104 17776 17971
2104 2271 18295 18462
2271 2458 19024 19211
2458 2688 19395 19625

>ENSGALT00000080297
0 15 19758 19773
15 97 19912 19994
97 246 33371 33520
246 360 36966 37080
360 398 39924 39962
398 540 42033 42175
540 677 49251 49388
677 900 53143 53366
900 1015 55265 55380
1015 1153 58772 58910
1153 1246 59241 59334
1246 1318 61461 61533
1318 1561 63435 63678
1561 1746 71279 71464
1746 1942 73910 74106
1942 2100 74298 74456
2100 2229 75932 76061

>ENSGALT00000087345
0 15 683 698
15 53 1712 1750
53 189 2006 2142
189 326 3129 3266
326 549 4080 4303
549 664 4982 5097
664 802 5474 5612
802 910 6450 6558
910 1102 7202 7394
1102 1269 7874 8041
1269 1456 8407 8594
1456 1665 8760 8969

>ENSMUST00000043612
0 8 4754 4762
8 123 4993 5108
123 260 5316 5453
260 450 10538 10728
450 571 13082 13203
571 712 14946 15087
712 766 15958 16012
766 808 17736 17778
808 952 18718 18862
952 1102 19236 19386
1102 1198 19782 19878
1198 1353 21342 21497
1353 1525 23559 23731
1525 1676 31521 31672
1676 1794 32371 32489

>ENSMUST00000054651
0 111 109 220
111 184 1046 1119
184 321 1722 1859
321 447 1935 2061
447 488 2361 2402
488 531 2644 2687
531 598 3082 3149
598 762 5797 5961
762 876 6078 6192
876 914 6565 6603
914 1053 6802 6941
1053 1190 9027 9164
1190 1413 9390 9613
1413 1528 10475 10590
1528 1666 10775 10913
1666 1774 10991 11099
1774 1990 11223 11439
1990 2157 11802 11969
2157 2344 13082 13269
2344 2568 13537 13761

>ENSMUST00000070200
0 33 28600 28633
33 115 39154 39236
115 264 58848 58997
264 378 60077 60191
378 416 73646 73684
416 558 75002 75144
558 695 81164 81301
695 918 88530 88753
918 1033 89775 89890
1033 1171 96037 96175
1171 1264 96287 96380
1264 1336 100164 100236
1336 1576 103606 103846
1576 1761 109839 110024
1761 1957 118931 119127
1957 2115 120515 120673
2115 2247 131098 131230

>ENSMUST00000090071
0 222 428 650
222 295 45050 45123
295 432 54005 54142
432 564 55800 55932
564 605 56785 56826
605 648 58097 58140
648 712 58925 58989
712 873 59986 60147
873 960 60249 60336
960 998 60727 60765
998 1134 62496 62632
1134 1271 63782 63919
1271 1494 68391 68614
1494 1609 70968 71083
1609 1747 71545 71683
1747 1855 73510 73618
1855 2059 74024 74228
2059 2226 75140 75307
2226 2410 76680 76864
2410 2628 77285 77503

>ENSMUST00000094665
0 72 166 238
72 145 5021 5094
145 282 5269 5406
282 414 7431 7563
414 455 8163 8204
455 498 8536 8579
498 562 9868 9932
562 699 10193 10330
699 810 11172 11283
810 848 11409 11447
848 984 11619 11755
984 1121 12001 12138
1121 1344 13741 13964
1344 1462 18044 18162
1462 1600 18465 18603
1600 1702 18821 18923
1702 1897 19050 19245
1897 2064 19510 19677
2064 2251 20242 20429
2251 2478 22332 22559

>ENSMUST00000108528
0 38 1085 1123
38 153 4993 5108
153 290 5316 5453
290 480 10538 10728
480 601 13082 13203
601 742 14946 15087
742 796 15958 16012
796 838 17736 17778
838 982 18718 18862
982 1132 19236 19386
1132 1228 19782 19878
1228 1383 21342 21497
1383 1555 23559 23731
1555 1706 31521 31672
1706 1824 32371 32489

>ENSMUST00000111926
0 9 39038 39047
9 91 39154 39236
91 240 58848 58997
240 354 60077 60191
354 392 73646 73684
392 534 75002 75144
534 671 81164 81301
671 894 88530 88753
894 1009 89775 89890
1009 1147 96037 96175
1147 1240 96287 96380
1240 1312 100164 100236
1312 1552 103606 103846
1552 1737 109839 110024
1737 1933 118931 119127
1933 2091 120515 120673
2091 2223 131098 131230

>ENSMUST00000125805
0 153 4355 4508
153 242 4621 4710

>ENSMUST00000126150
0 9 81 90
9 106 1157 1254
106 243 1503 1640
243 372 1779 1908
372 413 2168 2209
413 456 2388 2431
456 511 2679 2734
511 642 2972 3103
642 726 3330 3414
726 764 3641 3679
764 900 4321 4457
900 1037 5079 5216
1037 1260 5446 5669
1260 1378 5800 5918
1378 1516 6212 6350
1516 1621 6441 6546
1621 1801 6726 6906
1801 1968 7061 7228
1968 2155 7704 7891
2155 2376 7978 8199

>ENSMUST00000129685
0 64 20 84
64 218 2565 2719
218 472 2796 3050
472 529 3323 3380
529 625 3814 3910
625 702 4082 4159
702 775 7105 7178
775 912 7427 7564
912 1041 7703 7832
1041 1082 8092 8133
1082 1125 8312 8355
1125 1180 8603 8658
1180 1311 8896 9027
1311 1395 9254 9338
1395 1433 9565 9603
1433 1569 10245 10381
1569 1706 11003 11140
1706 1929 11370 11593
1929 2047 11724 11842
2047 2185 12136 12274
2185 2290 12365 12470
2290 2470 12650 12830
2470 2637 12985 13152
2637 2824 13628 13815
2824 3045 13902 14123

>ENSMUST00000156805
0 64 20 84
64 218 2565 2719
218 472 2796 3050
472 529 3323 3380
529 625 3814 3910
625 702 4082 4159
702 775 7105 7178
775 912 7427 7564
912 1041 7703 7832
1041 1082 8092 8133
1082 1125 8312 8355
1125 1180 8603 8658
1180 1311 8896 9027
1311 1395 9254 9338
1395 1433 9565 9603
1433 1569 10245 10381
1569 1706 11003 11140
1706 1929 11370 11593
1929 2047 11724 11842
2047 2185 12136 12274
2185 2290 12365 12470
2290 2470 12650 12830
2470 2637 12985 13152
2637 2679 13902 13944

>ENSMUST00000162393
0 64 20 84
64 218 2565 2719
218 472 2796 3050
472 529 3323 3380
529 625 3814 3910
625 732 4009 4116

>ENSMUST00000167232
0 38 1085 1123
38 153 4993 5108
153 290 5316 5453
290 480 10538 10728
480 601 13082 13203
601 742 14946 15087
742 796 15958 16012
796 838 17736 17778
838 982 18718 18862
982 1132 19236 19386
1132 1228 19782 19878
1228 1383 21342 21497
1383 1555 23559 23731
1555 1706 31521 31672
1706 1824 32371 32489

>ENSMUST00000190507
0 1 28632 28633
1 150 58848 58997
150 264 60077 60191
264 302 73646 73684
302 447 75002 75147

>ENST00000290472
0 45 103 148
45 118 6862 6935
118 255 7126 7263
255 387 8218 8350
387 428 9031 9072
428 471 9424 9467
471 535 10783 10847
535 672 11228 11365
672 783 12173 12284
783 821 12728 12766
821 957 12948 13084
957 1094 13429 13566
1094 1317 14803 15026
1317 1435 22170 22288
1435 1573 22651 22789
1573 1681 23011 23119
1681 1876 23245 23440
1876 2043 23679 23846
2043 2230 24467 24654
2230 2457 25621 25848

>ENST00000290497
0 111 87 198
111 183 2178 2250

>ENST00000342159
0 64 30 94
64 218 6645 6799
218 472 6875 7129
472 529 7493 7550
529 625 8053 8149
625 702 8380 8457
702 775 12063 12136
775 912 12429 12566
912 1044 12679 12811
1044 1085 12960 13001
1085 1128 13136 13179
1128 1183 13422 13477
1183 1314 13724 13855
1314 1398 14098 14182
1398 1436 14459 14497
1436 1572 15581 15717
1572 1709 16376 16513
1709 1932 16753 16976
1932 2050 17108 17226
2050 2188 17543 17681
2188 2293 17848 17953
2293 2473 18108 18288
2473 2640 18574 18741
2640 2682 19554 19596

>ENST00000354276
0 8 4288 4296
8 120 5373 5485
120 257 6093 6230
257 447 10957 11147
447 568 12558 12679
568 709 15213 15354
709 763 20400 20454
763 790 22105 22132
790 844 25705 25759
844 898 32993 33047
898 1006 35943 36051
1006 1102 42931 43027
1102 1257 48665 48820
1257 1429 55768 55940
1429 1584 57670 57825

>ENST00000367466
0 33 25406 25439
33 115 41486 41568
115 264 64062 64211
264 378 65149 65263
378 416 78016 78054
416 558 82299 82441
558 695 103814 103951
695 918 110059 110282
918 1033 111031 111146
1033 1171 117688 117826
1171 1264 117920 118013
1264 1336 121708 121780
1336 1579 127153 127396
1579 1764 136460 136645
1764 1960 148644 148840
1960 2118 150366 150524
2118 2250 159428 159560

>ENST00000382448
0 64 30 94
64 218 6645 6799
218 472 6875 7129
472 529 7493 7550
529 625 8053 8149
625 702 8380 8457
702 775 12063 12136
775 912 12429 12566
912 1044 12679 12811
1044 1085 12960 13001
1085 1128 13136 13179
1128 1183 13422 13477
1183 1314 13724 13855
1314 1398 14098 14182
1398 1436 14459 14497
1436 1572 15581 15717
1572 1709 16376 16513
1709 1932 16753 16976
1932 2050 17108 17226
2050 2188 17543 17681
2188 2293 17848 17953
2293 2473 18108 18288
2473 2640 18574 18741
2640 2827 19242 19429
2827 3039 19554 19766

>ENST00000397272
0 111 87 198
111 184 1047 1120
184 321 2178 2315
321 450 2416 2545
450 491 2976 3017
491 534 3294 3337
534 601 3882 3949
601 771 5859 6029
771 885 6150 6264
885 923 6495 6533
923 1059 6788 6924
1059 1196 8874 9011
1196 1419 9290 9513
1419 1534 10395 10510
1534 1672 10733 10871
1672 1780 10954 11062
1780 1975 11992 12187
1975 2142 12492 12659
2142 2329 13922 14109
2329 2550 14432 14653

>ENST00000399518
0 183 487 670
183 256 37433 37506
256 393 43325 43462
393 525 45069 45201
525 566 46212 46253
566 609 48494 48537
609 673 49970 50034
673 852 50908 51087
852 936 51190 51274
936 974 51629 51667
974 1110 53931 54067
1110 1247 55694 55831
1247 1470 58231 58454
1470 1585 60955 61070
1585 1723 61638 61776
1723 1831 63034 63142
1831 2035 63815 64019
2035 2202 65185 65352
2202 2386 66571 66755
2386 2607 67216 67437

>ENST00000452633
0 9 1139 1148
9 82 2383 2456
82 219 2749 2886
219 351 2999 3131
351 392 3280 3321
392 435 3456 3499
435 490 3742 3797
490 621 4044 4175
621 705 4418 4502
705 743 4779 4817
743 879 5901 6037
879 1016 6696 6833
1016 1239 7073 7296
1239 1357 7428 7546
1357 1495 7863 8001
1495 1600 8168 8273
1600 1780 8428 8608
1780 1947 8894 9061
1947 2134 9562 9749
2134 2346 9874 10086

>ENST00000458483
0 9 1139 1148
9 82 2383 2456
82 219 2749 2886
219 351 2999 3131
351 392 3280 3321
392 435 3456 3499
435 490 3742 3797
490 621 4044 4175
621 705 4418 4502
705 743 4779 4817
743 879 5901 6037
879 1016 6696 6833
1016 1239 7073 7296
1239 1357 7428 7546
1357 1495 7863 8001
1495 1600 8168 8273
1600 1780 8428 8608
1780 1947 8894 9061
1947 2134 9562 9749
2134 2346 9874 10086

>ENST00000487292
0 156 8690 8846
156 245 8973 9062

>ENST00000561627
0 111 87 198
111 184 1047 1120
184 278 2178 2272
278 301 2994 3017
301 344 3294 3337
344 360 3882 3898

>ENST00000562320
0 13 11049 11062
13 208 11992 12187
208 261 13974 14109

>ENST00000565553
0 111 87 198
111 184 1047 1120
184 213 2111 2140

>ENST00000569354
0 35 9026 9061
35 92 10029 10086

>ENST00000569985
0 111 87 198
111 184 1047 1120
184 321 2178 2315
321 450 2416 2545
450 491 2976 3017
491 534 3294 3337
534 601 3882 3949
601 706 5924 6029
706 820 6150 6264
820 858 6495 6533
858 891 6788 6821

>ENST00000595161
0 71 35980 36051
71 167 42931 43027
167 322 48665 48820
322 355 48980 49013
355 391 49410 49458

>ENST00000595487
0 29 302 331
29 111 1916 1998

>ENST00000596138
0 8 4288 4296
8 119 5373 5484

>ENST00000596352
0 62 6168 6230
62 141 10957 11036

>ENST00000597713
0 99 12580 12679
99 104 13694 14119

>ENST00000598488
0 29 302 331
29 132 1895 1998

>ENST00000599111
0 29 302 331
29 69 4256 4296
69 150 5404 5485
150 287 6093 6230
287 477 10957 11147
477 598 12558 12679
598 739 15213 15354
739 793 20400 20454
793 820 22105 22132
820 874 25705 25759
874 928 32993 33047
928 1036 35943 36051
1036 1132 42931 43027
1132 1287 48665 48820
1287 1459 55768 55940
1459 1610 57670 57821
1610 1656 62429 62475

>ENST00000599300
0 46 20408 20454
46 100 25705 25759
100 154 32993 33047
154 262 35943 36051
262 358 42931 43027
358 513 48665 48820
513 641 55768 55896

>ENST00000599921
0 8 4288 4296
8 120 5373 5485
120 257 6093 6230
257 447 10957 11147
447 568 12558 12679
568 709 15213 15354
709 763 20400 20454
763 790 22105 22132
790 844 25705 25759
844 898 32993 33047
898 1006 35943 36051
1006 1102 42931 43027
1102 1257 48665 48820
1257 1429 55768 55940
1429 1580 57670 57821
1580 1626 62429 62475

>ENST00000601946
0 70 12609 12679
70 211 15213 15354
211 238 22105 22132
238 292 25705 25759
292 346 32993 33047
346 454 35943 36051
454 550 42931 43027
550 581 48665 48696

