>ENSBTAT00000010450
0 627 0 627
627 695 244464 244532
695 795 612882 612982
795 954 672548 672707
954 1028 748157 748231
1028 1093 798594 798659
1093 1212 814568 814687
1212 1302 849158 849248
1302 1482 859080 859260
1482 1629 871395 871542
1629 1732 873444 873547
1732 1809 879694 879771
1809 1901 882785 882877
1901 2009 890763 890871
2009 2127 917089 917207
2127 2261 918176 918310
2261 2375 930094 930208
2375 2547 933847 934019
2547 2734 936446 936633
2734 2868 942888 943022
2868 2992 954443 954567
2992 3105 956185 956298
3105 3237 963825 963957
3237 3337 965683 965783
3337 3443 966733 966839
3443 3604 977166 977327
3604 3669 978109 978174

>ENSBTAT00000010453
0 37 3598 3635
37 93 3677 3733
93 161 3908 3976
161 261 100774 100874
261 420 157851 158010
420 494 175473 175547
494 559 201290 201355
559 678 219607 219726
678 768 222569 222659
768 948 229463 229643
948 1095 239954 240101
1095 1198 248018 248121
1198 1275 248387 248464
1275 1367 250686 250778
1367 1475 252062 252170
1475 1593 254852 254970
1593 1724 256604 256735
1724 1838 259339 259453
1838 2010 275759 275931
2010 2197 302010 302197
2197 2331 313369 313503
2331 2455 315866 315990
2455 2568 321628 321741
2568 2700 326622 326754
2700 2800 336210 336310
2800 2906 353573 353679
2906 3053 353803 353950
3053 3066 353989 354002

>ENSBTAT00000011652
0 441 952 1393
441 501 23144 23204
501 575 24898 24972
575 678 34669 34772
678 843 35307 35472
843 917 38499 38573
917 967 41757 41807
967 1098 42683 42814
1098 1243 45760 45905
1243 1399 46958 47114
1399 1506 48660 48767
1506 1609 52248 52351
1609 1778 52690 52859
1778 1969 53451 53642
1969 2159 56842 57032
2159 2276 61037 61154
2276 2385 61726 61835
2385 2492 63261 63368
2492 2616 63626 63750
2616 2631 63977 63992

>ENSBTAT00000019457
0 276 27 303
276 393 17743 17860
393 519 25878 26004
519 681 34094 34256
681 749 35880 35948
749 930 42229 42410
930 1032 54323 54425
1032 1202 55434 55604
1202 1395 63715 63908
1395 1513 66450 66568
1513 1587 66778 66852
1587 1676 72371 72460
1676 1855 84875 85054
1855 2042 86798 86985
2042 2171 90102 90231
2171 2257 91046 91132
2257 2430 95673 95846
2430 2562 96886 97018
2562 2654 100467 100559
2654 2901 102221 102468
2901 3040 103150 103289
3040 3214 109037 109211
3214 3328 111464 111578
3328 3451 115812 115935
3451 3571 118331 118451
3571 3697 123952 124078
3697 3805 127667 127775
3805 3937 128931 129063
3937 4069 129898 130030
4069 4204 130997 131132
4204 4360 131920 132076
4360 4510 134110 134260
4510 4642 135930 136062
4642 4769 137262 137389
4769 4939 137551 137721
4939 5052 140228 140341
5052 5157 140592 140697
5157 5230 141501 141574
5230 5313 145291 145374
5313 5410 147610 147707
5410 5595 150002 150187
5595 5715 153618 153738
5715 5880 154697 154862
5880 6055 156143 156318
6055 6162 157324 157431
6162 6355 161037 161230
6355 6568 164001 164214
6568 6636 165582 165650

>ENSBTAT00000054008
0 110 302610 302720
110 210 304526 304626
210 375 407896 408061
375 449 417936 418010
449 514 422431 422496
514 633 425540 425659
633 723 428038 428128
723 903 440323 440503
903 1050 445768 445915
1050 1153 451128 451231
1153 1230 457618 457695
1230 1322 460947 461039
1322 1430 462127 462235
1430 1551 465635 465756
1551 1685 466591 466725
1685 1814 467506 467635
1814 1986 470177 470349
1986 2173 477950 478137
2173 2307 478849 478983
2307 2431 480081 480205
2431 2544 481518 481631
2544 2670 482618 482744
2670 2770 487056 487156
2770 2873 487859 487962
2873 2977 490780 490884
2977 3042 492808 492873

>ENSBTAT00000061444
0 150 440353 440503
150 297 445768 445915
297 400 451128 451231
400 477 457618 457695
477 569 460947 461039
569 677 462127 462235
677 798 465635 465756
798 932 466591 466725
932 1061 467506 467635
1061 1233 470177 470349
1233 1420 477950 478137
1420 1554 478849 478983
1554 1678 480081 480205
1678 1791 481518 481631
1791 1909 482618 482736
1909 2078 487793 487962
2078 2233 490780 490935
2233 2298 492808 492873

>ENSBTAT00000067284
0 6 185659 185665
6 74 190202 190270
74 174 304526 304626
174 339 407896 408061
339 413 417936 418010
413 478 422431 422496
478 597 425540 425659
597 687 428038 428128
687 867 440323 440503
867 1014 445768 445915
1014 1117 451128 451231
1117 1194 457618 457695
1194 1286 460947 461039
1286 1394 462127 462235
1394 1515 465635 465756
1515 1649 466591 466725
1649 1778 467506 467635
1778 1950 470177 470349
1950 2137 477950 478137
2137 2294 478849 479006
2294 2442 481483 481631
2442 2568 482618 482744
2568 2668 487056 487156
2668 2771 487859 487962
2771 2875 490780 490884
2875 2940 492808 492873

>ENSBTAT00000068110
0 141 3102 3243
141 209 3908 3976
209 309 100774 100874
309 468 157851 158010
468 542 175473 175547
542 607 201290 201355
607 726 219607 219726
726 816 222569 222659
816 996 229463 229643
996 1143 239954 240101
1143 1246 248018 248121
1246 1323 248387 248464
1323 1415 250686 250778
1415 1523 252062 252170
1523 1641 254852 254970
1641 1772 256604 256735
1772 1886 259339 259453
1886 2058 275759 275931
2058 2245 302010 302197
2245 2379 313369 313503
2379 2503 315866 315990
2503 2616 321628 321741
2616 2748 326622 326754
2748 2848 336210 336310
2848 2954 353573 353679
2954 3123 353971 353972

>ENSBTAT00000070310
0 96 4532 4628
96 213 17743 17860
213 339 25878 26004
339 501 34094 34256
501 569 35880 35948
569 750 42229 42410
750 852 54323 54425
852 1022 55434 55604
1022 1215 63715 63908
1215 1333 66450 66568
1333 1407 66778 66852
1407 1496 72371 72460
1496 1675 84875 85054
1675 1862 86798 86985
1862 1991 90102 90231
1991 2077 91046 91132
2077 2250 95673 95846
2250 2382 96886 97018
2382 2474 100467 100559
2474 2721 102221 102468
2721 2860 103150 103289
2860 3034 109037 109211
3034 3148 111464 111578
3148 3271 115812 115935
3271 3391 118331 118451
3391 3517 123952 124078
3517 3625 127667 127775
3625 3757 128931 129063
3757 3889 129898 130030
3889 4024 130997 131132
4024 4180 131920 132076
4180 4330 134110 134260
4330 4462 135930 136062
4462 4589 137262 137389
4589 4759 137551 137721
4759 4872 140228 140341
4872 4977 140592 140697
4977 5050 141501 141574
5050 5133 145291 145374
5133 5230 147610 147707
5230 5415 150002 150187
5415 5535 153618 153738
5535 5700 154697 154862
5700 5875 156143 156318
5875 5982 157324 157431
5982 6175 161037 161230
6175 6388 164001 164214
6388 6456 165582 165650

>ENSBTAT00000072021
0 65 0 65
65 93 173 201
93 161 3908 3976
161 261 100774 100874
261 420 157851 158010
420 494 175473 175547
494 530 201290 201326
530 552 201365 201387
552 642 219636 219726
642 732 222569 222659
732 912 229463 229643
912 1059 239954 240101
1059 1162 248018 248121
1162 1239 248387 248464
1239 1331 250686 250778
1331 1439 252062 252170
1439 1557 254852 254970
1557 1688 256604 256735
1688 1802 259339 259453
1802 1974 275759 275931
1974 2161 302010 302197
2161 2295 313369 313503
2295 2419 315866 315990
2419 2532 321628 321741
2532 2664 326622 326754
2664 2764 336210 336310
2764 2870 353573 353679
2870 3039 353803 353972

>ENSBTAT00000072824
0 276 27 303
276 393 17743 17860
393 519 25878 26004
519 681 34094 34256
681 749 35880 35948
749 930 42229 42410
930 1032 54323 54425
1032 1202 55434 55604
1202 1395 63715 63908
1395 1513 66450 66568
1513 1587 66778 66852
1587 1676 72371 72460
1676 1855 84875 85054
1855 2042 86798 86985
2042 2171 90102 90231
2171 2257 91046 91132
2257 2430 95673 95846
2430 2562 96886 97018
2562 2654 100467 100559
2654 2901 102221 102468
2901 3040 103150 103289
3040 3214 109037 109211
3214 3328 111464 111578
3328 3451 115812 115935
3451 3571 118331 118451
3571 3697 123952 124078
3697 3805 127667 127775
3805 3937 128931 129063
3937 4069 129898 130030
4069 4204 130997 131132
4204 4360 131920 132076
4360 4510 134110 134260
4510 4642 135930 136062
4642 4769 137262 137389
4769 4939 137551 137721
4939 5052 140228 140341
5052 5157 140592 140697
5157 5230 141501 141574
5230 5313 145291 145374
5313 5410 147610 147707
5410 5595 150002 150187
5595 5715 153618 153738
5715 5880 154697 154862
5880 6055 156143 156318
6055 6162 157324 157431
6162 6355 161037 161230
6355 6423 165582 165650

>ENSBTAT00000074858
0 474 0 474
474 542 190202 190270
542 642 304526 304626
642 807 407896 408061
807 875 417936 418004
875 1032 425502 425659
1032 1122 428038 428128
1122 1302 440323 440503
1302 1449 445768 445915
1449 1552 451128 451231
1552 1629 457618 457695
1629 1721 460947 461039
1721 1829 462127 462235
1829 1950 465635 465756
1950 2084 466591 466725
2084 2213 467506 467635
2213 2385 470177 470349
2385 2572 477950 478137
2572 2706 478849 478983
2706 2830 480081 480205
2830 2943 481518 481631
2943 3069 482618 482744
3069 3169 487056 487156
3169 3272 487859 487962
3272 3376 490780 490884
3376 3441 492808 492873

>ENSBTAT00000075282
0 33 2156 2189
33 101 3908 3976
101 201 100774 100874
201 360 157851 158010
360 434 175473 175547
434 499 201290 201355
499 591 219607 219699
591 601 219735 219745
601 637 229413 229449
637 795 229485 229643
795 942 239954 240101
942 1045 248018 248121
1045 1122 248387 248464
1122 1214 250686 250778
1214 1322 252062 252170
1322 1440 254852 254970
1440 1571 256604 256735
1571 1685 259339 259453
1685 1872 275759 275946
1872 2032 302037 302197
2032 2166 313369 313503
2166 2290 315866 315990
2290 2403 321628 321741
2403 2535 326622 326754
2535 2635 336210 336310
2635 2741 353573 353679
2741 2877 355608 355609

>ENSBTAT00000076462
0 183 2112 2295
183 251 3908 3976
251 351 100774 100874
351 510 157851 158010
510 584 175473 175547
584 649 201290 201355
649 768 219607 219726
768 858 222569 222659
858 1038 229463 229643
1038 1185 239954 240101
1185 1288 248018 248121
1288 1365 248387 248464
1365 1457 250686 250778
1457 1565 252062 252170
1565 1683 254852 254970
1683 1814 256604 256735
1814 1928 259339 259453
1928 2100 275759 275931
2100 2287 302010 302197
2287 2421 313369 313503
2421 2545 315866 315990
2545 2652 321628 321735
2652 2784 326622 326754
2784 2884 336210 336310
2884 2990 353573 353679
2990 3143 353803 353956
3143 3156 354001 354002

>ENSBTAT00000076748
0 75 2613 2688
75 143 3908 3976
143 243 100774 100874
243 402 157851 158010
402 476 175473 175547
476 541 201290 201355
541 660 219607 219726
660 750 222569 222659
750 930 229463 229643
930 1077 239954 240101
1077 1180 248018 248121
1180 1257 248387 248464
1257 1349 250686 250778
1349 1457 252062 252170
1457 1575 254852 254970
1575 1706 256604 256735
1706 1820 259339 259453
1820 2007 275759 275946
2007 2167 302037 302197
2167 2301 313369 313503
2301 2425 315866 315990
2425 2538 321628 321741
2538 2670 326622 326754
2670 2770 336210 336310
2770 2876 353573 353679
2876 3012 355608 355609

>ENSBTAT00000082768
0 441 952 1393
441 501 23144 23204
501 575 24898 24972
575 678 34669 34772
678 843 35307 35472
843 917 38499 38573
917 967 41757 41807
967 1098 42683 42814
1098 1243 45760 45905
1243 1399 46958 47114
1399 1506 48660 48767
1506 1609 52248 52351
1609 1778 52690 52859
1778 1969 53451 53642
1969 2159 56842 57032
2159 2276 61037 61154
2276 2385 61726 61835
2385 2484 62630 62729
2484 2591 63261 63368
2591 2715 63626 63750
2715 2730 63977 63992

>ENSBTAT00000083547
0 177 431 608
177 245 3908 3976
245 345 100774 100874
345 504 157851 158010
504 578 175473 175547
578 614 201290 201326
614 636 201365 201387
636 726 219636 219726
726 816 222569 222659
816 996 229463 229643
996 1143 239954 240101
1143 1246 248018 248121
1246 1323 248387 248464
1323 1415 250686 250778
1415 1523 252062 252170
1523 1641 254852 254970
1641 1772 256604 256735
1772 1886 259339 259453
1886 2058 275759 275931
2058 2245 302010 302197
2245 2379 313369 313503
2379 2503 315866 315990
2503 2616 321628 321741
2616 2748 326622 326754
2748 2848 336210 336310
2848 2954 353573 353679
2954 3107 353803 353956
3107 3129 358686 358708

>ENSBTAT00000084029
0 8 1555 1563
8 81 2118 2191
81 198 17743 17860
198 324 25878 26004
324 486 34094 34256
486 554 35880 35948
554 735 42229 42410
735 837 54323 54425
837 1007 55434 55604
1007 1200 63715 63908
1200 1318 66450 66568
1318 1392 66778 66852
1392 1481 72371 72460
1481 1660 84875 85054
1660 1847 86798 86985
1847 1976 90102 90231
1976 2062 91046 91132
2062 2235 95673 95846
2235 2367 96886 97018
2367 2459 100467 100559
2459 2706 102221 102468
2706 2845 103150 103289
2845 3019 109037 109211
3019 3133 111464 111578
3133 3256 115812 115935
3256 3376 118331 118451
3376 3502 123952 124078
3502 3610 127667 127775
3610 3742 128931 129063
3742 3874 129898 130030
3874 4009 130997 131132
4009 4165 131920 132076
4165 4315 134110 134260
4315 4447 135930 136062
4447 4574 137262 137389
4574 4744 137551 137721
4744 4857 140228 140341
4857 4962 140592 140697
4962 5035 141501 141574
5035 5118 145291 145374
5118 5215 147610 147707
5215 5400 150002 150187
5400 5520 153618 153738
5520 5685 154697 154862
5685 5860 156143 156318
5860 5967 157324 157431
5967 6160 161037 161230
6160 6373 164001 164214
6373 6441 165582 165650

>ENSBTAT00000084651
0 69 188913 188982
69 137 190202 190270
137 237 304526 304626
237 402 407896 408061
402 476 417936 418010
476 541 422431 422496
541 660 425540 425659
660 750 428038 428128
750 930 440323 440503
930 1077 445768 445915
1077 1180 451128 451231
1180 1257 457618 457695
1257 1349 460947 461039
1349 1457 462127 462235
1457 1578 465635 465756
1578 1712 466591 466725
1712 1841 467506 467635
1841 2013 470177 470349
2013 2200 477950 478137
2200 2357 478849 479006
2357 2505 481483 481631
2505 2631 482618 482744
2631 2731 487056 487156
2731 2834 487859 487962
2834 2938 490780 490884
2938 3003 492808 492873

>ENSBTAT00000084722
0 177 431 608
177 245 3908 3976
245 345 100774 100874
345 504 157851 158010
504 578 175473 175547
578 614 201290 201326
614 636 201365 201387
636 726 219636 219726
726 816 222569 222659
816 996 229463 229643
996 1143 239954 240101
1143 1246 248018 248121
1246 1323 248387 248464
1323 1415 250686 250778
1415 1523 252062 252170
1523 1641 254852 254970
1641 1772 256604 256735
1772 1886 259339 259453
1886 2058 275759 275931
2058 2245 302010 302197
2245 2379 313369 313503
2379 2503 315866 315990
2503 2616 321628 321741
2616 2748 326622 326754
2748 2848 336210 336310
2848 2954 353573 353679
2954 3090 355473 355609

>ENSBTAT00000085251
0 474 0 474
474 542 190202 190270
542 642 304526 304626
642 807 407896 408061
807 881 417936 418010
881 946 422431 422496
946 1065 425540 425659
1065 1155 428038 428128
1155 1335 440323 440503
1335 1482 445768 445915
1482 1585 451128 451231
1585 1662 457618 457695
1662 1754 460947 461039
1754 1862 462127 462235
1862 1983 465635 465756
1983 2117 466591 466725
2117 2246 467506 467635
2246 2418 470177 470349
2418 2605 477950 478137
2605 2739 478849 478983
2739 2863 480081 480205
2863 2976 481518 481631
2976 3102 482618 482744
3102 3202 487056 487156
3202 3305 487859 487962
3305 3409 490780 490884
3409 3474 492808 492873

>ENSBTAT00000085970
0 141 3102 3243
141 209 3908 3976
209 309 100774 100874
309 468 157851 158010
468 542 175473 175547
542 607 201290 201355
607 716 219607 219716
716 798 229333 229415
798 978 229463 229643
978 1125 239954 240101
1125 1228 248018 248121
1228 1305 248387 248464
1305 1397 250686 250778
1397 1505 252062 252170
1505 1623 254852 254970
1623 1754 256604 256735
1754 1868 259339 259453
1868 2040 275759 275931
2040 2227 302010 302197
2227 2361 313369 313503
2361 2485 315866 315990
2485 2598 321628 321741
2598 2730 326622 326754
2730 2830 336210 336310
2830 2936 353573 353679
2936 3072 355608 355609

>ENSBTAT00000086225
0 21 299764 299785
21 208 302010 302197
208 342 313369 313503
342 466 315866 315990
466 579 321628 321741
579 711 326622 326754
711 811 336210 336310
811 917 353573 353679
917 1053 355608 355609

>ENSCAFT00000016888
0 579 67 646
579 647 171186 171254
647 747 251821 251921
747 906 305540 305699
906 980 377365 377439
980 1045 425198 425263
1045 1164 443435 443554
1164 1254 473902 473992
1254 1434 482100 482280
1434 1581 491953 492100
1581 1684 493548 493651
1684 1761 497904 497981
1761 1853 501081 501173
1853 1961 510997 511105
1961 2079 533745 533863
2079 2213 534872 535006
2213 2327 544123 544237
2327 2499 547236 547408
2499 2686 549766 549953
2686 2820 555207 555341
2820 2944 564926 565050
2944 3057 566447 566560
3057 3189 570101 570233
3189 3289 571954 572054
3289 3395 573041 573147
3395 3556 578377 578538
3556 3621 579282 579347

>ENSCAFT00000016900
0 159 0 159
159 233 16725 16799
233 298 43142 43207
298 417 58505 58624
417 507 61118 61208
507 687 67408 67588
687 834 76090 76237
834 937 83946 84049
937 1014 84308 84385
1014 1106 86441 86533
1106 1214 87892 88000
1214 1332 89730 89848
1332 1463 91696 91827
1463 1577 93212 93326
1577 1749 105874 106046
1749 1936 126391 126578
1936 2070 134233 134367
2070 2194 136521 136645
2194 2307 143299 143412
2307 2439 146122 146254
2439 2539 155930 156030
2539 2645 172695 172801
2645 2806 172923 173084
2806 2814 174628 175016

>ENSCAFT00000018722
0 255 285 540
255 372 15746 15863
372 498 23285 23411
498 660 29056 29218
660 728 30596 30664
728 909 36255 36436
909 1011 47733 47835
1011 1181 49008 49178
1181 1374 54389 54582
1374 1492 56891 57009
1492 1566 57223 57297
1566 1655 66779 66868
1655 1834 76283 76462
1834 2021 77884 78071
2021 2150 81705 81834
2150 2236 82329 82415
2236 2409 86231 86404
2409 2541 87473 87605
2541 2633 89617 89709
2633 2880 90910 91157
2880 3019 91785 91924
3019 3193 97423 97597
3193 3307 99133 99247
3307 3430 103195 103318
3430 3550 105876 105996
3550 3676 111950 112076
3676 3784 115197 115305
3784 3916 116994 117126
3916 4048 118012 118144
4048 4183 118750 118885
4183 4339 119759 119915
4339 4489 124192 124342
4489 4621 127555 127687
4621 4748 128647 128774
4748 4918 128936 129106
4918 5031 131446 131559
5031 5136 131797 131902
5136 5209 132681 132754
5209 5292 135593 135676
5292 5389 136857 136954
5389 5574 139342 139527
5574 5694 142739 142859
5694 5859 143672 143837
5859 6034 145080 145255
6034 6141 146703 146810
6141 6334 149487 149680
6334 6547 151198 151411
6547 6615 152762 152830

>ENSCAFT00000022915
0 66 111525 111591
66 134 146998 147066
134 234 240943 241043
234 399 340636 340801
399 473 351810 351884
473 538 356686 356751
538 657 360218 360337
657 747 364130 364220
747 927 373615 373795
927 1074 378418 378565
1074 1177 384408 384511
1177 1254 387494 387571
1254 1346 393059 393151
1346 1454 393937 394045
1454 1575 398891 399012
1575 1709 399904 400038
1709 1838 400695 400824
1838 2010 402968 403140
2010 2197 407827 408014
2197 2331 408263 408397
2331 2455 409291 409415
2455 2568 410660 410773
2568 2694 411782 411908
2694 2794 414472 414572
2794 2897 415161 415264
2897 3168 417866 418137

>ENSCAFT00000031550
0 471 0 471
471 531 22405 22465
531 605 24110 24184
605 671 30911 30977
671 774 33238 33341
774 939 33860 34025
939 1013 37623 37697
1013 1063 41287 41337
1063 1194 42545 42676
1194 1339 45649 45794
1339 1495 47221 47377
1495 1602 49354 49461
1602 1705 52076 52179
1705 1874 52504 52673
1874 2065 53235 53426
2065 2255 55985 56175
2255 2372 59660 59777
2372 2481 60369 60478
2481 2588 61952 62059
2588 2712 62345 62469
2712 2727 62685 62700

>ENSCAFT00000038014
0 159 0 159
159 233 16725 16799
233 298 43142 43207
298 417 58505 58624
417 507 61118 61208
507 687 67408 67588
687 834 76090 76237
834 937 83946 84049
937 1014 84308 84385
1014 1106 86441 86533
1106 1214 87892 88000
1214 1332 89730 89848
1332 1463 91696 91827
1463 1577 93212 93326
1577 1749 105874 106046
1749 1936 126391 126578
1936 2070 134233 134367
2070 2194 136521 136645
2194 2307 143299 143412
2307 2439 146122 146254
2439 2539 155930 156030
2539 2645 172695 172801
2645 2781 174756 174757

>ENSCAFT00000047063
0 255 285 540
255 372 15746 15863
372 498 23285 23411
498 660 29056 29218
660 728 30596 30664
728 909 36255 36436
909 1011 47733 47835
1011 1181 49008 49178
1181 1374 54389 54582
1374 1492 56891 57009
1492 1566 57223 57297
1566 1655 66779 66868
1655 1834 76283 76462
1834 2021 77884 78071
2021 2150 81705 81834
2150 2236 82329 82415
2236 2409 86231 86404
2409 2541 87473 87605
2541 2633 89617 89709
2633 2880 90910 91157
2880 3019 91785 91924
3019 3193 97423 97597
3193 3307 99133 99247
3307 3430 103195 103318
3430 3550 105876 105996
3550 3676 111950 112076
3676 3784 115197 115305
3784 3916 116994 117126
3916 4048 118012 118144
4048 4183 118750 118885
4183 4339 119759 119915
4339 4489 124192 124342
4489 4621 127555 127687
4621 4748 128647 128774
4748 4918 128936 129106
4918 5031 131446 131559
5031 5136 131797 131902
5136 5209 132681 132754
5209 5292 135593 135676
5292 5389 136857 136954
5389 5574 139342 139527
5574 5694 142739 142859
5694 5859 143672 143837
5859 6034 145080 145255
6034 6141 146703 146810
6141 6334 149487 149680
6334 6547 151198 151411
6547 6614 219341 219408

>ENSCAFT00000048390
0 579 67 646
579 647 171186 171254
647 747 251821 251921
747 821 377365 377439
821 886 425198 425263
886 1005 443435 443554
1005 1095 473902 473992
1095 1275 482100 482280
1275 1422 491953 492100
1422 1525 493548 493651
1525 1602 497904 497981
1602 1694 501081 501173
1694 1802 510997 511105
1802 1920 533745 533863
1920 2054 534872 535006
2054 2168 544123 544237
2168 2340 547236 547408
2340 2527 549766 549953
2527 2661 555207 555341
2661 2785 564926 565050
2785 2898 566447 566560
2898 3030 570101 570233
3030 3130 571954 572054
3130 3236 573041 573147
3236 3397 578377 578538
3397 3462 579282 579347

>ENSCAFT00000049040
0 255 285 540
255 372 15746 15863
372 498 23285 23411
498 660 29056 29218
660 728 30596 30664
728 909 36255 36436
909 1011 47733 47835
1011 1181 49008 49178
1181 1374 54389 54582
1374 1492 56891 57009
1492 1566 57223 57297
1566 1655 66779 66868
1655 1834 76283 76462
1834 2021 77884 78071
2021 2150 81705 81834
2150 2236 82329 82415
2236 2409 86231 86404
2409 2541 87473 87605
2541 2633 89617 89709
2633 2880 90910 91157
2880 3019 91785 91924
3019 3193 97423 97597
3193 3307 99133 99247
3307 3427 105876 105996
3427 3553 111950 112076
3553 3661 115197 115305
3661 3793 116994 117126
3793 3925 118012 118144
3925 4060 118750 118885
4060 4216 119759 119915
4216 4366 124192 124342
4366 4498 127555 127687
4498 4625 128647 128774
4625 4795 128936 129106
4795 4908 131446 131559
4908 5013 131797 131902
5013 5086 132681 132754
5086 5169 135593 135676
5169 5266 136857 136954
5266 5451 139342 139527
5451 5571 142739 142859
5571 5736 143672 143837
5736 5911 145080 145255
5911 6018 146703 146810
6018 6211 149487 149680
6211 6424 151198 151411
6424 6492 152762 152830

>ENSCAFT00000065730
0 12 64023 64035
12 80 146998 147066
80 180 240943 241043
180 345 340636 340801
345 419 351810 351884
419 484 356686 356751
484 603 360218 360337
603 693 364130 364220
693 873 373615 373795
873 1020 378418 378565
1020 1123 384408 384511
1123 1200 387494 387571
1200 1292 393059 393151
1292 1400 393937 394045
1400 1521 398891 399012
1521 1655 399904 400038
1655 1784 400695 400824
1784 1956 402968 403140
1956 2143 407827 408014
2143 2277 408263 408397
2277 2401 409291 409415
2401 2514 410660 410773
2514 2640 411782 411908
2640 2740 414472 414572
2740 2843 415161 415264
2843 2989 417866 418012
2989 3054 420729 420794

>ENSCAFT00000066780
0 222 1848 2070
222 339 15746 15863
339 465 23285 23411
465 627 29056 29218
627 695 30596 30664
695 876 36255 36436
876 978 47733 47835
978 1148 49008 49178
1148 1341 54389 54582
1341 1459 56891 57009
1459 1533 57223 57297
1533 1622 66779 66868
1622 1801 76283 76462
1801 1988 77884 78071
1988 2117 81705 81834
2117 2203 82329 82415
2203 2376 86231 86404
2376 2508 87473 87605
2508 2600 89617 89709
2600 2847 90910 91157
2847 2986 91785 91924
2986 3160 97423 97597
3160 3274 99133 99247
3274 3397 103195 103318
3397 3517 105876 105996
3517 3643 111950 112076
3643 3751 115197 115305
3751 3883 116994 117126
3883 4015 118012 118144
4015 4150 118750 118885
4150 4306 119759 119915
4306 4456 124192 124342
4456 4588 127555 127687
4588 4715 128647 128774
4715 4885 128936 129106
4885 4998 131446 131559
4998 5103 131797 131902
5103 5176 132681 132754
5176 5259 135593 135676
5259 5356 136857 136954
5356 5541 139342 139527
5541 5661 142739 142859
5661 5826 143672 143837
5826 6001 145080 145255
6001 6108 146703 146810
6108 6301 149487 149680
6301 6514 151198 151411
6514 6582 152762 152830

>ENSCAFT00000068926
0 354 0 354
354 422 146998 147066
422 522 240943 241043
522 687 340636 340801
687 761 351810 351884
761 826 356686 356751
826 945 360218 360337
945 1035 364130 364220
1035 1215 373615 373795
1215 1362 378418 378565
1362 1465 384408 384511
1465 1542 387494 387571
1542 1634 393059 393151
1634 1742 393937 394045
1742 1863 398891 399012
1863 1997 399904 400038
1997 2126 400695 400824
2126 2298 402968 403140
2298 2485 407827 408014
2485 2619 408263 408397
2619 2743 409291 409415
2743 2856 410660 410773
2856 2982 411782 411908
2982 3082 414472 414572
3082 3185 415161 415264
3185 3331 417866 418012
3331 3396 420729 420794

>ENSCAFT00000069491
0 471 0 471
471 531 22405 22465
531 605 24110 24184
605 671 30911 30977
671 774 33238 33341
774 939 33860 34025
939 1013 37623 37697
1013 1063 41287 41337
1063 1191 42548 42676
1191 1336 45649 45794
1336 1443 49354 49461
1443 1546 52076 52179
1546 1715 52504 52673
1715 1906 53235 53426
1906 2096 55985 56175
2096 2213 59660 59777
2213 2322 60369 60478
2322 2429 61952 62059
2429 2745 62345 62661

>ENSCAFT00000071665
0 255 285 540
255 372 15746 15863
372 498 23285 23411
498 660 29056 29218
660 728 30596 30664
728 909 36255 36436
909 1011 47733 47835
1011 1181 49008 49178
1181 1374 54389 54582
1374 1492 56891 57009
1492 1566 57223 57297
1566 1655 66779 66868
1655 1784 81705 81834
1784 1870 82329 82415
1870 2043 86231 86404
2043 2175 87473 87605
2175 2267 89617 89709
2267 2514 90910 91157
2514 2653 91785 91924
2653 2827 97423 97597
2827 2941 99133 99247
2941 3064 103195 103318
3064 3184 105876 105996
3184 3310 111950 112076
3310 3418 115197 115305
3418 3550 116994 117126
3550 3682 118012 118144
3682 3817 118750 118885
3817 3973 119759 119915
3973 4123 124192 124342
4123 4255 127555 127687
4255 4382 128647 128774
4382 4552 128936 129106
4552 4665 131446 131559
4665 4770 131797 131902
4770 4843 132681 132754
4843 4926 135593 135676
4926 5023 136857 136954
5023 5208 139342 139527
5208 5328 142739 142859
5328 5493 143672 143837
5493 5668 145080 145255
5668 5775 146703 146810
5775 5968 149487 149680
5968 6181 151198 151411
6181 6249 152762 152830

>ENSCAFT00000071824
0 32 147034 147066
32 132 240943 241043
132 297 340636 340801
297 371 351810 351884
371 436 356686 356751
436 555 360218 360337
555 645 364130 364220
645 825 373615 373795
825 972 378418 378565
972 1064 393059 393151
1064 1172 393937 394045
1172 1293 398891 399012
1293 1427 399904 400038
1427 1556 400695 400824
1556 1728 402968 403140
1728 1915 407827 408014
1915 2049 408263 408397
2049 2173 409291 409415
2173 2286 410660 410773
2286 2412 411782 411908
2412 2512 414472 414572
2512 2615 415161 415264
2615 2761 417866 418012
2761 2826 420729 420794

>ENSCAFT00000078800
0 159 0 159
159 233 16725 16799
233 298 43142 43207
298 417 58505 58624
417 507 61118 61208
507 687 67408 67588
687 834 76090 76237
834 937 83946 84049
937 1014 84308 84385
1014 1106 86441 86533
1106 1214 87892 88000
1214 1332 89730 89848
1332 1463 91696 91827
1463 1577 93212 93326
1577 1749 105874 106046
1749 1936 126391 126578
1936 2070 134233 134367
2070 2194 136521 136645
2194 2307 143299 143412
2307 2439 146122 146254
2439 2539 155930 156030
2539 2645 172695 172801
2645 2806 172923 173084
2806 2838 174565 174566

>ENSCAFT00000085795
0 471 0 471
471 531 22405 22465
531 605 24110 24184
605 671 30911 30977
671 774 33238 33341
774 939 33860 34025
939 1013 37623 37697
1013 1063 41287 41337
1063 1194 42545 42676
1194 1339 45649 45794
1339 1495 47221 47377
1495 1602 49354 49461
1602 1705 52076 52179
1705 1874 52504 52673
1874 2065 53235 53426
2065 2255 55985 56175
2255 2372 59660 59777
2372 2481 60369 60478
2481 2588 61952 62059
2588 2904 62345 62661

>ENSCAFT00000087705
0 255 285 540
255 372 15746 15863
372 498 23285 23411
498 660 29056 29218
660 728 30596 30664
728 909 36255 36436
909 1011 47733 47835
1011 1181 49008 49178
1181 1374 54389 54582
1374 1492 56891 57009
1492 1566 57223 57297
1566 1655 66779 66868
1655 1834 76283 76462
1834 2021 77884 78071
2021 2150 81705 81834
2150 2236 82329 82415
2236 2409 86231 86404
2409 2541 87473 87605
2541 2633 89617 89709
2633 2880 90910 91157
2880 3019 91785 91924
3019 3193 97423 97597
3193 3307 99133 99247
3307 3430 103195 103318
3430 3550 105876 105996
3550 3676 111950 112076
3676 3784 115197 115305
3784 3916 116994 117126
3916 4048 118012 118144
4048 4183 118750 118885
4183 4339 119759 119915
4339 4489 124192 124342
4489 4621 127555 127687
4621 4748 128647 128774
4748 4918 128936 129106
4918 5031 131446 131559
5031 5136 131797 131902
5136 5209 132681 132754
5209 5292 135593 135676
5292 5389 136857 136954
5389 5574 139342 139527
5574 5694 142739 142859
5694 5859 143672 143837
5859 6052 149487 149680
6052 6265 151198 151411
6265 6333 152762 152830

>ENSCAFT00000089420
0 471 0 471
471 531 22405 22465
531 605 24110 24184
605 708 33238 33341
708 873 33860 34025
873 947 37623 37697
947 997 41287 41337
997 1128 42545 42676
1128 1273 45649 45794
1273 1429 47221 47377
1429 1536 49354 49461
1536 1639 52076 52179
1639 1808 52504 52673
1808 1999 53235 53426
1999 2189 55985 56175
2189 2306 59660 59777
2306 2415 60369 60478
2415 2522 61952 62059
2522 2838 62345 62661

>ENSCAFT00000093095
0 255 285 540
255 372 15746 15863
372 498 23285 23411
498 660 29056 29218
660 728 30596 30664
728 909 36255 36436
909 1011 47733 47835
1011 1181 49008 49178
1181 1374 54389 54582
1374 1492 56891 57009
1492 1566 57223 57297
1566 1655 66779 66868
1655 1834 76283 76462
1834 2021 77884 78071
2021 2150 81705 81834
2150 2236 82329 82415
2236 2409 86231 86404
2409 2541 87473 87605
2541 2633 89617 89709
2633 2880 90910 91157
2880 3019 91785 91924
3019 3193 97423 97597
3193 3307 99133 99247
3307 3430 103195 103318
3430 3550 105876 105996
3550 3676 111950 112076
3676 3784 115197 115305
3784 3916 116994 117126
3916 4048 118012 118144
4048 4183 118750 118885
4183 4339 119759 119915
4339 4489 124192 124342
4489 4621 127555 127687
4621 4748 128647 128774
4748 4918 128936 129106
4918 5031 131446 131559
5031 5136 131797 131902
5136 5209 132681 132754
5209 5292 135593 135676
5292 5389 136857 136954
5389 5574 139342 139527
5574 5694 142739 142859
5694 5859 143672 143837
5859 6034 145080 145255
6034 6141 146703 146810
6141 6334 149487 149680
6334 6402 152762 152830

>ENSCAFT00000093659
0 60 89652 89712
60 128 146998 147066
128 228 240943 241043
228 393 340636 340801
393 467 351810 351884
467 532 356686 356751
532 651 360218 360337
651 741 364130 364220
741 921 373615 373795
921 1068 378418 378565
1068 1171 384408 384511
1171 1248 387494 387571
1248 1340 393059 393151
1340 1448 393937 394045
1448 1569 398891 399012
1569 1703 399904 400038
1703 1832 400695 400824
1832 2004 402968 403140
2004 2574 407827 408397
2574 2698 409291 409415
2698 2811 410660 410773
2811 2937 411782 411908
2937 3037 414472 414572
3037 3140 415161 415264
3140 3286 417866 418012
3286 3351 420729 420794

>ENSCAFT00020014438
0 40 0 40
40 197 681 838
197 270 881 954
270 330 22846 22906
330 404 24551 24625
404 507 35024 35127
507 672 35646 35811
672 746 39410 39484
746 796 42639 42689
796 927 43901 44032
927 1072 47012 47157
1072 1228 48587 48743
1228 1335 50732 50839
1335 1438 53232 53335
1438 1607 53661 53830
1607 1798 54396 54587
1798 1988 56717 56907
1988 2105 60386 60503
2105 2214 61095 61204
2214 2321 62682 62789
2321 2445 63075 63199
2445 2460 63415 63430

>ENSCAFT00020014455
0 450 482 932
450 510 22846 22906
510 584 24551 24625
584 687 35024 35127
687 852 35646 35811
852 926 39410 39484
926 976 42639 42689
976 1107 43901 44032
1107 1252 47012 47157
1252 1408 48587 48743
1408 1515 50732 50839
1515 1618 53232 53335
1618 1787 53661 53830
1787 1978 54396 54587
1978 2168 56717 56907
2168 2285 60386 60503
2285 2394 61095 61204
2394 2488 62016 62110
2488 2540 62737 62789
2540 2664 63075 63199
2664 2679 63415 63430

>ENSCAFT00020014458
0 450 482 932
450 510 22846 22906
510 584 24551 24625
584 687 35024 35127
687 852 35646 35811
852 926 39410 39484
926 976 42639 42689
976 1107 43901 44032
1107 1252 47012 47157
1252 1408 48587 48743
1408 1515 50732 50839
1515 1618 53232 53335
1618 1787 53661 53830
1787 1978 54396 54587
1978 2168 56717 56907
2168 2285 60386 60503
2285 2394 61095 61204
2394 2501 62682 62789
2501 2625 63075 63199
2625 2640 63415 63430

>ENSCAFT00020014484
0 41 34212 34253
41 144 35024 35127
144 309 35646 35811
309 370 39410 39471
370 498 43904 44032
498 643 47012 47157
643 799 48587 48743
799 906 50732 50839
906 1009 53232 53335
1009 1178 53661 53830
1178 1369 54396 54587
1369 1559 56717 56907
1559 1676 60386 60503
1676 1785 61095 61204
1785 1892 62682 62789
1892 2016 63075 63199
2016 2031 63415 63430

>ENSCAFT00020014506
0 129 34998 35127
129 294 35646 35811
294 355 39410 39471
355 527 43904 44076
527 661 47023 47157
661 817 48587 48743
817 924 50732 50839
924 1027 53232 53335
1027 1196 53661 53830
1196 1387 54396 54587
1387 1577 56717 56907
1577 1694 60386 60503
1694 1799 61095 61200
1799 1818 62642 62661
1818 1916 62691 62789
1916 2040 63075 63199
2040 2055 63415 63430

>ENSCAFT00020016613
0 336 0 336
336 465 1501 1630
465 533 179187 179255
533 633 259640 259740
633 792 313354 313513
792 866 384916 384990
866 931 432931 432996
931 1050 451162 451281
1050 1140 481666 481756
1140 1320 489862 490042
1320 1467 499694 499841
1467 1570 501288 501391
1570 1647 505644 505721
1647 1739 508820 508912
1739 1847 518756 518864
1847 1965 541468 541586
1965 2099 542592 542726
2099 2213 551842 551956
2213 2385 554952 555124
2385 2572 557481 557668
2572 2706 562901 563035
2706 2830 572633 572757
2830 2943 574158 574271
2943 3075 577818 577950
3075 3175 579671 579771
3175 3281 580758 580864
3281 3435 586094 586248
3435 3483 588362 588410

>ENSCAFT00020016620
0 336 0 336
336 465 1501 1630
465 533 179187 179255
533 633 259640 259740
633 792 313354 313513
792 866 384916 384990
866 931 432931 432996
931 1050 451162 451281
1050 1140 481666 481756
1140 1320 489862 490042
1320 1467 499694 499841
1467 1570 501288 501391
1570 1647 505644 505721
1647 1739 508820 508912
1739 1847 518756 518864
1847 1965 541468 541586
1965 2099 542592 542726
2099 2213 551842 551956
2213 2385 554952 555124
2385 2572 557481 557668
2572 2706 562901 563035
2706 2830 572633 572757
2830 2943 574158 574271
2943 3075 577818 577950
3075 3175 579671 579771
3175 3281 580758 580864
3281 3546 586094 586359

>ENSCAFT00020016644
0 50 359 409
50 378 1302 1630
378 446 179187 179255
446 546 259640 259740
546 705 313354 313513
705 779 384916 384990
779 844 432931 432996
844 963 451162 451281
963 1053 481666 481756
1053 1233 489862 490042
1233 1380 499694 499841
1380 1483 501288 501391
1483 1560 505644 505721
1560 1652 508820 508912
1652 1760 518756 518864
1760 1878 541468 541586
1878 2012 542592 542726
2012 2126 551842 551956
2126 2298 554952 555124
2298 2485 557481 557668
2485 2619 562901 563035
2619 2743 572633 572757
2743 2856 574158 574271
2856 2988 577818 577950
2988 3088 579671 579771
3088 3194 580758 580864
3194 3459 586094 586359

>ENSCAFT00020016673
0 50 359 409
50 378 1302 1630
378 446 179187 179255
446 546 259640 259740
546 705 313354 313513
705 779 384916 384990
779 844 432931 432996
844 963 451162 451281
963 1053 481666 481756
1053 1233 489862 490042
1233 1380 499694 499841
1380 1483 501288 501391
1483 1560 505644 505721
1560 1652 508820 508912
1652 1760 518756 518864
1760 1878 541468 541586
1878 2012 542592 542726
2012 2126 551842 551956
2126 2298 554952 555124
2298 2485 557481 557668
2485 2619 562901 563035
2619 2743 572633 572757
2743 2856 574158 574271
2856 2988 577818 577950
2988 3088 579671 579771
3088 3258 580758 580928
3258 3330 585446 585518

>ENSCAFT00020016693
0 451 964 1415
451 627 1454 1630
627 695 179187 179255
695 795 259640 259740
795 954 313354 313513
954 1028 384916 384990
1028 1093 432931 432996
1093 1212 451162 451281
1212 1302 481666 481756
1302 1482 489862 490042
1482 1629 499694 499841
1629 1732 501288 501391
1732 1809 505644 505721
1809 1901 508820 508912
1901 2009 518756 518864
2009 2127 541468 541586
2127 2261 542592 542726
2261 2375 551842 551956
2375 2547 554952 555124
2547 2734 557481 557668
2734 2868 562901 563035
2868 2992 572633 572757
2992 3105 574158 574271
3105 3237 577818 577950
3237 3337 579671 579771
3337 3448 580758 580869
3448 3678 582042 582272

>ENSCAFT00020016696
0 30 497822 497852
30 177 499694 499841
177 280 501288 501391
280 357 505644 505721
357 449 508820 508912
449 557 518756 518864
557 675 541468 541586
675 809 542592 542726
809 923 551842 551956
923 1095 554952 555124
1095 1282 557481 557668
1282 1416 562901 563035
1416 1540 572633 572757
1540 1653 574158 574271
1653 1785 577818 577950
1785 1885 579671 579771
1885 1991 580758 580864
1991 2256 586094 586359

>ENSCAFT00020016700
0 15 554503 554518
15 202 557481 557668
202 336 562901 563035
336 460 572633 572757
460 573 574158 574271
573 705 577818 577950
705 805 579671 579771
805 975 580758 580928
975 1047 585446 585518

>ENSCAFT00020017036
0 255 0 255
255 372 15429 15546
372 498 22981 23107
498 660 28750 28912
660 728 30292 30360
728 909 35955 36136
909 1011 47442 47544
1011 1181 48716 48886
1181 1374 54095 54288
1374 1492 56597 56715
1492 1566 56929 57003
1566 1655 66465 66554
1655 1834 75957 76136
1834 2021 77558 77745
2021 2150 81347 81476
2150 2236 81971 82057
2236 2409 85873 86046
2409 2541 87115 87247
2541 2633 89259 89351
2633 2880 90552 90799
2880 3019 91427 91566
3019 3193 97075 97249
3193 3307 98786 98900
3307 3430 102850 102973
3430 3550 105524 105644
3550 3676 111597 111723
3676 3784 114847 114955
3784 3916 116638 116770
3916 4048 117656 117788
4048 4183 118394 118529
4183 4339 119403 119559
4339 4489 123840 123990
4489 4621 127203 127335
4621 4748 128295 128422
4748 4767 128503 128522
4767 4924 128597 128754
4924 5037 131094 131207
5037 5142 131445 131550
5142 5215 132329 132402
5215 5298 135265 135348
5298 5395 136528 136625
5395 5580 139013 139198
5580 5700 142375 142495
5700 5865 143308 143473
5865 6040 144716 144891
6040 6147 146339 146446
6147 6340 149123 149316
6340 6553 150834 151047
6553 6621 152436 152504

>ENSCAFT00020017070
0 255 0 255
255 372 15429 15546
372 498 22981 23107
498 660 28750 28912
660 728 30292 30360
728 909 35955 36136
909 1011 47442 47544
1011 1181 48716 48886
1181 1374 54095 54288
1374 1492 56597 56715
1492 1566 56929 57003
1566 1655 66465 66554
1655 1834 75957 76136
1834 2021 77558 77745
2021 2150 81347 81476
2150 2236 81971 82057
2236 2409 85873 86046
2409 2541 87115 87247
2541 2633 89259 89351
2633 2880 90552 90799
2880 3019 91427 91566
3019 3193 97075 97249
3193 3307 98786 98900
3307 3430 102850 102973
3430 3550 105524 105644
3550 3676 111597 111723
3676 3784 114847 114955
3784 3916 116638 116770
3916 4048 117656 117788
4048 4183 118394 118529
4183 4339 119403 119559
4339 4489 123840 123990
4489 4621 127203 127335
4621 4680 128295 128354
4680 4715 128447 128482
4715 4885 128584 128754
4885 4998 131094 131207
4998 5103 131445 131550
5103 5176 132329 132402
5176 5259 135265 135348
5259 5356 136528 136625
5356 5541 139013 139198
5541 5661 142375 142495
5661 5826 143308 143473
5826 6001 144716 144891
6001 6108 146339 146446
6108 6301 149123 149316
6301 6514 150834 151047
6514 6582 152436 152504

>ENSCAFT00020017072
0 55 97194 97249
55 169 98786 98900
169 292 102850 102973
292 412 105524 105644
412 538 111597 111723
538 646 114847 114955
646 778 116638 116770
778 910 117656 117788
910 1045 118394 118529
1045 1201 119403 119559
1201 1351 123840 123990
1351 1483 127203 127335
1483 1610 128295 128422
1610 1780 128584 128754
1780 1893 131094 131207
1893 1998 131445 131550
1998 2071 132329 132402
2071 2154 135265 135348
2154 2251 136528 136625
2251 2436 139013 139198
2436 2556 142375 142495
2556 2721 143308 143473
2721 2896 144716 144891
2896 3003 146339 146446
3003 3196 149123 149316
3196 3409 150834 151047
3409 3477 152436 152504

>ENSCAFT00020017074
0 7 104839 104846
7 67 104942 105002
67 187 105524 105644
187 313 111597 111723
313 421 114847 114955
421 553 116638 116770
553 685 117656 117788
685 820 118394 118529
820 976 119403 119559
976 1126 123840 123990
1126 1258 127203 127335
1258 1317 128295 128354
1317 1352 128447 128482
1352 1522 128584 128754
1522 1635 131094 131207
1635 1740 131445 131550
1740 1813 132329 132402
1813 1896 135265 135348
1896 1993 136528 136625
1993 2178 139013 139198
2178 2298 142375 142495
2298 2463 143308 143473
2463 2638 144716 144891
2638 2745 146339 146446
2745 2938 149123 149316
2938 3151 150834 151047
3151 3219 152503 152504

>ENSCAFT00020017076
0 61 119042 119103
61 217 119403 119559
217 367 123840 123990
367 499 127203 127335
499 558 128295 128354
558 593 128447 128482
593 763 128584 128754
763 876 131094 131207
876 981 131445 131550
981 1054 132329 132402
1054 1137 135265 135348
1137 1234 136528 136625
1234 1419 139013 139198
1419 1539 142375 142495
1539 1704 143308 143473
1704 1879 144716 144891
1879 1986 146339 146446
1986 2179 149123 149316
2179 2392 150834 151047
2392 2460 152503 152504

>ENSCAFT00020017119
0 570 0 570
570 638 192177 192245
638 738 276877 276977
738 897 328075 328234
897 971 344714 344788
971 1036 370927 370992
1036 1155 386246 386365
1155 1245 388859 388949
1245 1425 395130 395310
1425 1572 403807 403954
1572 1675 411633 411736
1675 1752 411995 412072
1752 1844 414135 414227
1844 1952 415567 415675
1952 2070 417405 417523
2070 2201 419372 419503
2201 2315 420888 421002
2315 2487 433548 433720
2487 2674 453893 454080
2674 2808 461720 461854
2808 2932 464011 464135
2932 3045 470784 470897
3045 3177 473607 473739
3177 3277 483406 483506
3277 3391 499982 500096
3391 3585 504904 505098

>ENSCAFT00020017126
0 570 0 570
570 638 192177 192245
638 738 276877 276977
738 897 328075 328234
897 971 344714 344788
971 1036 370927 370992
1036 1155 386246 386365
1155 1245 388859 388949
1245 1425 395130 395310
1425 1572 403807 403954
1572 1675 411633 411736
1675 1752 411995 412072
1752 1844 414135 414227
1844 1952 415567 415675
1952 2070 417405 417523
2070 2201 419372 419503
2201 2315 420888 421002
2315 2487 433548 433720
2487 2674 453893 454080
2674 2808 461720 461854
2808 2932 464011 464135
2932 3045 470784 470897
3045 3177 473607 473739
3177 3277 483406 483506
3277 3383 499982 500088
3383 3519 501919 502055

>ENSCAFT00020017127
0 570 0 570
570 638 192177 192245
638 738 276877 276977
738 897 328075 328234
897 971 344714 344788
971 1036 370927 370992
1036 1155 386246 386365
1155 1245 388859 388949
1245 1425 395130 395310
1425 1572 403807 403954
1572 1675 411633 411736
1675 1752 411995 412072
1752 1844 414135 414227
1844 1952 415567 415675
1952 2070 417405 417523
2070 2201 419372 419503
2201 2315 420888 421002
2315 2487 433548 433720
2487 2674 453893 454080
2674 2808 461720 461854
2808 2932 464011 464135
2932 3045 470784 470897
3045 3177 473607 473739
3177 3277 483406 483506
3277 3383 499982 500088
3383 3544 500210 500371
3544 3576 501832 501864

>ENSCAFT00020017128
0 570 0 570
570 638 192177 192245
638 738 276877 276977
738 897 328075 328234
897 971 344714 344788
971 1036 370927 370992
1036 1155 386246 386365
1155 1245 388859 388949
1245 1425 395130 395310
1425 1572 403807 403954
1572 1675 411633 411736
1675 1752 411995 412072
1752 1844 414135 414227
1844 1952 415567 415675
1952 2070 417405 417523
2070 2201 419372 419503
2201 2315 420888 421002
2315 2487 433548 433720
2487 2674 453893 454080
2674 2808 461720 461854
2808 2932 464011 464135
2932 3045 470784 470897
3045 3177 473607 473739
3177 3277 483406 483506
3277 3383 499982 500088
3383 3444 500891 500952

>ENSCAFT00020021800
0 258 0 258
258 480 297 519
480 548 182110 182178
548 648 276164 276264
648 813 376413 376578
813 887 387583 387657
887 952 392465 392530
952 1071 395994 396113
1071 1161 399893 399983
1161 1341 409387 409567
1341 1488 414191 414338
1488 1591 420184 420287
1591 1668 423297 423374
1668 1760 428861 428953
1760 1868 429739 429847
1868 1989 434693 434814
1989 2123 435706 435840
2123 2252 436497 436626
2252 2424 438673 438845
2424 2611 443532 443719
2611 2745 443968 444102
2745 2869 444996 445120
2869 2982 446365 446478
2982 3108 447487 447613
3108 3208 450177 450277
3208 3311 450866 450969
3311 3415 453568 453672
3415 3480 456430 456495

>ENSCAFT00020021806
0 39 178883 178922
39 107 182110 182178
107 207 276164 276264
207 372 376413 376578
372 446 387583 387657
446 511 392465 392530
511 630 395994 396113
630 720 399893 399983
720 900 409387 409567
900 1047 414191 414338
1047 1150 420184 420287
1150 1227 423297 423374
1227 1319 428861 428953
1319 1427 429739 429847
1427 1548 434693 434814
1548 1682 435706 435840
1682 1811 436497 436626
1811 1983 438673 438845
1983 2170 443532 443719
2170 2304 443968 444102
2304 2428 444996 445120
2428 2541 446365 446478
2541 2667 447487 447613
2667 2767 450177 450277
2767 2870 450866 450969
2870 2964 453568 453662
2964 3048 456494 456495

>ENSCAFT00020021808
0 48 179415 179463
48 116 182110 182178
116 216 276164 276264
216 381 376413 376578
381 455 387583 387657
455 520 392465 392530
520 639 395994 396113
639 729 399893 399983
729 909 409387 409567
909 1056 414191 414338
1056 1159 420184 420287
1159 1236 423297 423374
1236 1328 428861 428953
1328 1436 429739 429847
1436 1557 434693 434814
1557 1691 435706 435840
1691 1820 436497 436626
1820 1992 438673 438845
1992 2179 443532 443719
2179 2313 443968 444102
2313 2437 444996 445120
2437 2550 446365 446478
2550 2676 447487 447613
2676 2776 450177 450277
2776 2879 450866 450969
2879 2973 453568 453662
2973 3057 456494 456495

>ENSCAFT00020021810
0 59 274194 274253
59 159 276164 276264
159 324 376413 376578
324 398 387583 387657
398 463 392465 392530
463 582 395994 396113
582 672 399893 399983
672 852 409387 409567
852 999 414191 414338
999 1102 420184 420287
1102 1179 423297 423374
1179 1271 428861 428953
1271 1379 429739 429847
1379 1500 434693 434814
1500 1634 435706 435840
1634 1763 436497 436626
1763 1935 438673 438845
1935 2122 443532 443719
2122 2256 443968 444102
2256 2380 444996 445120
2380 2493 446365 446478
2493 2619 447487 447613
2619 2726 450177 450284
2726 2819 450876 450969
2819 2923 453568 453672
2923 2988 456430 456495

>ENSCAFT00020021818
0 12 409244 409256
12 192 409387 409567
192 339 414191 414338
339 442 420184 420287
442 519 423297 423374
519 611 428861 428953
611 719 429739 429847
719 840 434693 434814
840 974 435706 435840
974 1103 436497 436626
1103 1275 438673 438845
1275 1462 443532 443719
1462 1596 443968 444102
1596 1720 444996 445120
1720 1833 446365 446478
1833 2030 447487 447684
2030 2185 453568 453723
2185 2250 456430 456495

>ENSGALT00000010639
0 204 0 204
204 321 6149 6266
321 447 6341 6467
447 609 7194 7356
609 677 7947 8015
677 858 8617 8798
858 960 9859 9961
960 1130 10104 10274
1130 1323 10554 10747
1323 1441 10903 11021
1441 1515 11660 11734
1515 1604 12871 12960
1604 1783 13042 13221
1783 1970 13729 13916
1970 2099 14778 14907
2099 2185 15125 15211
2185 2358 16269 16442
2358 2490 16886 17018
2490 2582 17494 17586
2582 2829 18276 18523
2829 2968 18785 18924
2968 3142 19198 19372
3142 3256 19533 19647
3256 3379 20054 20177
3379 3499 20607 20727
3499 3622 22735 22858
3622 3730 22991 23099
3730 3865 23404 23539
3865 3997 23763 23895
3997 4132 24570 24705
4132 4288 24936 25092
4288 4438 25375 25525
4438 4567 26113 26242
4567 4694 27153 27280
4694 4864 27884 28054
4864 4977 28304 28417
4977 5082 28669 28774
5082 5155 29535 29608
5155 5238 30211 30294
5238 5335 30571 30668
5335 5520 31227 31412
5520 5640 31893 32013
5640 5805 32112 32277
5805 5980 33030 33205
5980 6087 33421 33528
6087 6280 33684 33877
6280 6493 34176 34389
6493 6561 34991 35059

>ENSGALT00000013741
0 597 0 597
597 665 78604 78672
665 765 115451 115551
765 924 138020 138179
924 998 162131 162205
998 1063 180396 180461
1063 1182 186556 186675
1182 1272 199940 200030
1272 1452 202646 202826
1452 1599 204657 204804
1599 1702 205474 205577
1702 1779 209280 209357
1779 1871 209466 209558
1871 1979 212485 212593
1979 2097 229825 229943
2097 2231 231486 231620
2231 2345 235806 235920
2345 2517 237135 237307
2517 2704 243290 243477
2704 2838 246529 246663
2838 2962 250609 250733
2962 3075 254126 254239
3075 3207 255828 255960
3207 3307 257810 257910
3307 3413 259913 260019
3413 3574 262573 262734
3574 3639 263333 263398

>ENSGALT00000013796
0 630 356 986
630 698 84778 84846
698 798 114512 114612
798 957 162637 162796
957 1031 177930 178004
1031 1096 192428 192493
1096 1215 201530 201649
1215 1305 204245 204335
1305 1485 209099 209279
1485 1632 213744 213891
1632 1735 219406 219509
1735 1812 219971 220048
1812 1904 220786 220878
1904 2012 221870 221978
2012 2130 222974 223092
2130 2261 224890 225021
2261 2375 231834 231948
2375 2547 232930 233102
2547 2734 243265 243452
2734 2868 247909 248043
2868 2992 251100 251224
2992 3105 252132 252245
3105 3234 254511 254640
3234 3334 265201 265301
3334 3440 269478 269584
3440 3601 269734 269895
3601 3720 271225 271344
3720 3777 272679 272736

>ENSGALT00000025078
0 57 84149 84206
57 125 176249 176317
125 225 306296 306396
225 390 427370 427535
390 464 431584 431658
464 529 441045 441110
529 648 443227 443346
648 738 447521 447611
738 918 456929 457109
918 1065 462963 463110
1065 1168 464387 464490
1168 1245 471783 471860
1245 1337 477830 477922
1337 1445 479476 479584
1445 1566 491400 491521
1566 1700 492973 493107
1700 1829 493710 493839
1829 2001 495371 495543
2001 2188 498974 499161
2188 2322 503284 503418
2322 2446 504928 505052
2446 2559 506939 507052
2559 2685 509260 509386
2685 2785 512412 512512
2785 2888 513752 513855
2888 3046 522014 522172
3046 3111 524780 524845

>ENSGALT00000048558
0 159 0 159
159 233 1327 1401
233 336 1530 1633
336 501 2273 2438
501 575 3835 3909
575 625 3984 4034
625 756 4106 4237
756 901 4342 4487
901 1057 5188 5344
1057 1164 5427 5534
1164 1267 5846 5949
1267 1436 6046 6215
1436 1627 6640 6831
1627 1817 7579 7769
1817 1934 8860 8977
1934 2043 9076 9185
2043 2150 9262 9369
2150 2274 10151 10275
2274 2289 10361 10376

>ENSGALT00000052935
0 348 84 432
348 416 176249 176317
416 516 306296 306396
516 681 427370 427535
681 755 431584 431658
755 820 441045 441110
820 939 443227 443346
939 1029 447521 447611
1029 1209 456929 457109
1209 1356 462963 463110
1356 1459 464387 464490
1459 1536 471783 471860
1536 1628 477830 477922
1628 1736 479476 479584
1736 1857 491400 491521
1857 1991 492973 493107
1991 2120 493710 493839
2120 2292 495371 495543
2292 2479 498974 499161
2479 2613 503284 503418
2613 2737 504928 505052
2737 2850 506939 507052
2850 2976 509260 509386
2976 3076 512412 512512
3076 3179 513752 513855
3179 3337 522014 522172
3337 3417 524349 524429
3417 3441 524780 524804

>ENSGALT00000054199
0 630 356 986
630 698 84778 84846
698 798 114512 114612
798 957 162637 162796
957 1031 177930 178004
1031 1096 192428 192493
1096 1215 201530 201649
1215 1305 204245 204335
1305 1485 209099 209279
1485 1632 213744 213891
1632 1735 219406 219509
1735 1812 219971 220048
1812 1904 220786 220878
1904 2012 221870 221978
2012 2130 222974 223092
2130 2261 224890 225021
2261 2375 231834 231948
2375 2547 232930 233102
2547 2734 243265 243452
2734 2868 247909 248043
2868 2992 251100 251224
2992 3105 252132 252245
3105 3234 254511 254640
3234 3334 265201 265301
3334 3440 269478 269584
3440 3559 271225 271344
3559 3624 272679 272744

>ENSGALT00000054591
0 348 84 432
348 416 176249 176317
416 516 306296 306396
516 681 427370 427535
681 755 431584 431658
755 820 441045 441110
820 939 443227 443346
939 1029 447521 447611
1029 1209 456929 457109
1209 1356 462963 463110
1356 1459 464387 464490
1459 1536 471783 471860
1536 1628 477830 477922
1628 1736 479476 479584
1736 1857 491400 491521
1857 1991 492973 493107
1991 2120 493710 493839
2120 2292 495371 495543
2292 2479 498974 499161
2479 2613 503284 503418
2613 2737 504928 505052
2737 2850 506939 507052
2850 2976 509260 509386
2976 3076 512412 512512
3076 3179 513752 513855
3179 3337 522014 522172
3337 3498 524349 524510

>ENSGALT00000068803
0 348 84 432
348 416 176249 176317
416 516 306296 306396
516 681 427370 427535
681 755 431584 431658
755 820 441045 441110
820 939 443227 443346
939 1029 447521 447611
1029 1209 456929 457109
1209 1356 462963 463110
1356 1459 464387 464490
1459 1536 471783 471860
1536 1628 477830 477922
1628 1736 479476 479584
1736 1857 491400 491521
1857 1991 492973 493107
1991 2120 493710 493839
2120 2292 495371 495543
2292 2479 498974 499161
2479 2613 503284 503418
2613 2737 504928 505052
2737 2850 506939 507052
2850 2976 509260 509386
2976 3076 512412 512512
3076 3179 513752 513855
3179 3337 522014 522172
3337 3402 524780 524845

>ENSGALT00000081956
0 378 5888 6266
378 504 6341 6467
504 666 7194 7356
666 734 7947 8015
734 915 8617 8798
915 1017 9859 9961
1017 1187 10104 10274
1187 1380 10554 10747
1380 1498 10903 11021
1498 1572 11660 11734
1572 1661 12871 12960
1661 1840 13042 13221
1840 2027 13729 13916
2027 2156 14778 14907
2156 2242 15125 15211
2242 2415 16269 16442
2415 2547 16886 17018
2547 2639 17494 17586
2639 2886 18276 18523
2886 3025 18785 18924
3025 3199 19198 19372
3199 3313 19533 19647
3313 3436 20054 20177
3436 3556 20607 20727
3556 3679 22735 22858
3679 3787 22991 23099
3787 3922 23404 23539
3922 4054 23763 23895
4054 4189 24570 24705
4189 4345 24936 25092
4345 4495 25375 25525
4495 4624 26113 26242
4624 4751 27153 27280
4751 4921 27884 28054
4921 5034 28304 28417
5034 5139 28669 28774
5139 5212 29535 29608
5212 5295 30211 30294
5295 5392 30571 30668
5392 5577 31227 31412
5577 5697 31893 32013
5697 5862 32112 32277
5862 6037 33030 33205
6037 6144 33421 33528
6144 6337 33684 33877
6337 6550 34176 34389
6550 6618 34991 35059

>ENSGALT00000091846
0 348 84 432
348 416 176249 176317
416 516 306296 306396
516 681 427370 427535
681 755 431584 431658
755 820 441045 441110
820 939 443227 443346
939 1029 447521 447611
1029 1209 456929 457109
1209 1356 462963 463110
1356 1459 464387 464490
1459 1536 471783 471860
1536 1628 477830 477922
1628 1736 479476 479584
1736 1857 491400 491521
1857 1991 492973 493107
1991 2120 493710 493839
2120 2292 495371 495543
2292 2479 498974 499161
2479 2613 503284 503418
2613 2737 504928 505052
2737 2850 506939 507052
2850 2976 509260 509386
2976 3076 512412 512512
3076 3179 513752 513855
3179 3510 522014 522345

>ENSGALT00000108255
0 159 0 159
159 219 1170 1230
219 293 1327 1401
293 396 1530 1633
396 561 2273 2438
561 635 3835 3909
635 685 3984 4034
685 816 4106 4237
816 961 4342 4487
961 1117 5188 5344
1117 1224 5427 5534
1224 1327 5846 5949
1327 1496 6046 6215
1496 1687 6640 6831
1687 1877 7579 7769
1877 1994 8860 8977
1994 2103 9076 9185
2103 2210 9262 9369
2210 2334 10151 10275
2334 2349 10361 10376

>ENSGALT00000108335
0 1151 2758 3909
1151 1201 3984 4034
1201 1332 4106 4237
1332 1477 4342 4487
1477 1633 5188 5344
1633 1740 5427 5534
1740 1843 5846 5949
1843 2012 6046 6215
2012 2203 6640 6831
2203 2393 7579 7769
2393 2510 8860 8977
2510 2619 9076 9185
2619 2726 9262 9369
2726 2850 10151 10275
2850 2865 10361 10376

>ENSMUST00000037370
0 480 94 574
480 548 168927 168995
548 648 244217 244317
648 813 320101 320266
813 887 326740 326814
887 952 329987 330052
952 1071 332682 332801
1071 1161 335512 335602
1161 1341 341990 342170
1341 1488 347545 347692
1488 1591 350236 350339
1591 1668 351581 351658
1668 1760 354605 354697
1760 1868 355940 356048
1868 1989 358708 358829
1989 2123 359885 360019
2123 2252 360605 360734
2252 2424 362271 362443
2424 2611 366801 366988
2611 2745 368954 369088
2745 2869 370154 370278
2869 2982 371368 371481
2982 3108 372194 372320
3108 3208 373473 373573
3208 3311 374045 374148
3311 3415 376807 376911
3415 3480 378747 378812

>ENSMUST00000060989
0 285 184 469
285 402 17753 17870
402 528 25027 25153
528 690 31827 31989
690 758 34285 34353
758 939 42329 42510
939 1041 51951 52053
1041 1211 53056 53226
1211 1404 56308 56501
1404 1522 60193 60311
1522 1596 60509 60583
1596 1685 66938 67027
1685 1864 77636 77815
1864 2051 80204 80391
2051 2180 82605 82734
2180 2266 83219 83305
2266 2439 87076 87249
2439 2571 88723 88855
2571 2663 90641 90733
2663 2910 92382 92629
2910 3049 93280 93419
3049 3223 99828 100002
3223 3337 101848 101962
3337 3460 106059 106182
3460 3580 109723 109843
3580 3706 115993 116119
3706 3814 118384 118492
3814 3946 120180 120312
3946 4078 121612 121744
4078 4213 122692 122827
4213 4369 123898 124054
4369 4519 127977 128127
4519 4651 131862 131994
4651 4778 132552 132679
4778 4948 132816 132986
4948 5061 134831 134944
5061 5166 135488 135593
5166 5239 136759 136832
5239 5322 138657 138740
5322 5422 139762 139862
5422 5607 141207 141392
5607 5727 143552 143672
5727 5892 144803 144968
5892 6067 146687 146862
6067 6174 147833 147940
6174 6367 150168 150361
6367 6580 154441 154654
6580 6648 155627 155695

>ENSMUST00000070720
0 480 94 574
480 548 168927 168995
548 648 244217 244317
648 699 246590 246641

>ENSMUST00000072685
0 562 178 740
562 579 42202 42219
579 626 203215 203262
626 726 299650 299750
726 885 345029 345188
885 959 365607 365681
959 1024 390493 390558
1024 1143 416279 416398
1143 1233 418803 418893
1233 1413 425933 426113
1413 1560 436552 436699
1560 1663 445929 446032
1663 1740 446299 446376
1740 1832 448344 448436
1832 1940 450339 450447
1940 2058 451787 451905
2058 2189 453417 453548
2189 2303 456410 456524
2303 2475 467826 467998
2475 2662 488439 488626
2662 2796 495860 495994
2796 2920 497121 497245
2920 3033 502475 502588
3033 3165 503465 503597
3165 3265 510028 510128
3265 3371 525487 525593
3371 3579 534499 534707

>ENSMUST00000078880
0 618 155 773
618 686 192671 192739
686 786 281365 281465
786 945 329430 329589
945 1019 397818 397892
1019 1084 439758 439823
1084 1203 447969 448088
1203 1293 477542 477632
1293 1473 487796 487976
1473 1620 498193 498340
1620 1723 499884 499987
1723 1800 504542 504619
1800 1892 507457 507549
1892 2000 516865 516973
2000 2118 542215 542333
2118 2252 543239 543373
2252 2366 553821 553935
2366 2538 558109 558281
2538 2725 560936 561123
2725 2859 566235 566369
2859 2983 582365 582489
2983 3096 584104 584217
3096 3228 588119 588251
3228 3328 590343 590443
3328 3434 591385 591491
3434 3595 596624 596785
3595 3660 597597 597662

>ENSMUST00000102632
0 300 59 359
300 360 24395 24455
360 434 26062 26136
434 537 40514 40617
537 702 41567 41732
702 776 43926 44000
776 826 47829 47879
826 957 50484 50615
957 1102 53709 53854
1102 1258 54729 54885
1258 1365 56517 56624
1365 1468 60772 60875
1468 1637 61632 61801
1637 1828 62575 62766
1828 2018 64486 64676
2018 2135 67590 67707
2135 2244 70051 70160
2244 2351 72149 72256
2351 2463 72495 72607
2463 2478 73147 73162

>ENSMUST00000111756
0 562 178 740
562 579 42202 42219
579 626 203215 203262
626 726 299650 299750
726 885 345029 345188
885 959 365607 365681
959 1024 390493 390558
1024 1143 416279 416398
1143 1233 418803 418893
1233 1413 425933 426113
1413 1560 436552 436699
1560 1663 445929 446032
1663 1740 446299 446376
1740 1832 448344 448436
1832 1940 450339 450447
1940 2058 451787 451905
2058 2189 453417 453548
2189 2303 456410 456524
2303 2475 467826 467998
2475 2662 488439 488626
2662 2796 495860 495994
2796 2920 497121 497245
2920 3033 502475 502588
3033 3165 503465 503597
3165 3265 510028 510128
3265 3371 525487 525593
3371 3540 525726 525895

>ENSMUST00000135324
0 32 168963 168995
32 132 244217 244317
132 297 320101 320266
297 371 326740 326814
371 436 329987 330052
436 518 332682 332764

>ENSMUST00000135636
0 300 59 359
300 360 24395 24455
360 434 26062 26136
434 537 40514 40617
537 702 41567 41732
702 776 43926 44000
776 826 47829 47879
826 957 50484 50615
957 1102 53709 53854
1102 1258 54729 54885
1258 1365 56517 56624
1365 1468 60772 60875
1468 1637 61632 61801
1637 1828 62575 62766
1828 2018 64486 64676
2018 2135 67590 67707
2135 2244 70051 70160
2244 2343 71390 71489
2343 2450 72149 72256
2450 2562 72495 72607
2562 2577 73147 73162

>ENSMUST00000164039
0 562 178 740
562 579 42202 42219
579 626 203215 203262
626 726 299650 299750
726 885 345029 345188
885 959 365607 365681
959 1024 390493 390558
1024 1143 416279 416398
1143 1233 418803 418893
1233 1413 425933 426113
1413 1560 436552 436699
1560 1663 445929 446032
1663 1740 446299 446376
1740 1832 448344 448436
1832 1940 450339 450447
1940 2058 451787 451905
2058 2189 453417 453548
2189 2303 456410 456524
2303 2475 467826 467998
2475 2662 488439 488626
2662 2796 495860 495994
2796 2920 497121 497245
2920 3033 502475 502588
3033 3165 503465 503597
3165 3265 510028 510128
3265 3371 525487 525593
3371 3507 527295 527431

>ENSMUST00000168357
0 145 425968 426113
145 154 436564 436699

>ENSMUST00000209413
0 558 178 736
558 626 203194 203262
626 726 299650 299750
726 885 345029 345188
885 959 365607 365681
959 1024 390493 390558
1024 1143 416279 416398
1143 1233 418803 418893
1233 1413 425933 426113
1413 1560 436552 436699
1560 1663 445929 446032
1663 1740 446299 446376
1740 1832 448344 448436
1832 1940 450339 450447
1940 2058 451787 451905
2058 2189 453417 453548
2189 2303 456410 456524
2303 2475 467826 467998
2475 2662 488439 488626
2662 2796 495860 495994
2796 2920 497121 497245
2920 3033 502475 502588
3033 3165 503465 503597
3165 3265 510028 510128
3265 3371 525487 525593
3371 3579 534499 534707

>ENSMUST00000209783
0 558 178 736
558 626 203194 203262
626 726 299650 299750
726 885 345029 345188
885 959 365607 365681
959 1024 390493 390558
1024 1143 416279 416398
1143 1233 418803 418893
1233 1413 425933 426113
1413 1560 436552 436699
1560 1663 445929 446032
1663 1740 446299 446376
1740 1832 448344 448436
1832 1940 450339 450447
1940 2058 451787 451905
2058 2189 453417 453548
2189 2303 456410 456524
2303 2475 467826 467998
2475 2662 488439 488626
2662 2796 495860 495994
2796 2920 497121 497245
2920 3033 502475 502588
3033 3165 503465 503597
3165 3265 510028 510128
3265 3447 525487 525669

>ENSMUST00000211008
0 558 178 736
558 626 203194 203262
626 726 299650 299750
726 885 345029 345188
885 959 365607 365681
959 1024 390493 390558
1024 1143 416279 416398
1143 1233 418803 418893
1233 1413 425933 426113
1413 1560 436552 436699
1560 1663 445929 446032
1663 1740 446299 446376
1740 1832 448344 448436
1832 1940 450339 450447
1940 2058 451787 451905
2058 2189 453417 453548
2189 2303 456410 456524
2303 2475 467826 467998
2475 2662 488439 488626
2662 2796 495860 495994
2796 2920 497121 497245
2920 3033 502475 502588
3033 3165 503465 503597
3165 3265 510028 510128
3265 3371 525487 525593
3371 3540 525726 525895

>ENSMUST00000211687
0 558 178 736
558 626 203194 203262
626 726 299650 299750
726 885 345029 345188
885 959 365607 365681
959 1024 390493 390558
1024 1143 416279 416398
1143 1233 418803 418893
1233 1413 425933 426113
1413 1560 436552 436699
1560 1663 445929 446032
1663 1740 446299 446376
1740 1832 448344 448436
1832 1940 450339 450447
1940 2058 451787 451905
2058 2189 453417 453548
2189 2303 456410 456524
2303 2475 467826 467998
2475 2662 488439 488626
2662 2796 495860 495994
2796 2920 497121 497245
2920 3033 502475 502588
3033 3165 503465 503597
3165 3265 510028 510128
3265 3371 525487 525593
3371 3507 527295 527431

>ENST00000256637
0 306 26 332
306 366 28329 28389
366 440 30437 30511
440 543 42449 42552
543 708 43387 43552
708 782 46916 46990
782 832 50386 50436
832 963 52037 52168
963 1108 55760 55905
1108 1264 57039 57195
1264 1371 61572 61679
1371 1474 70317 70420
1474 1643 70758 70927
1643 1834 72829 73020
1834 2024 74797 74987
2024 2141 79949 80066
2141 2250 80960 81069
2250 2357 83140 83247
2357 2481 83534 83658
2481 2496 83861 83876

>ENST00000260197
0 285 18 303
285 402 17693 17810
402 528 25804 25930
528 690 35718 35880
690 758 37729 37797
758 939 44555 44736
939 1041 60689 60791
1041 1211 61838 62008
1211 1404 68343 68536
1404 1522 70272 70390
1522 1596 70602 70676
1596 1685 80150 80239
1685 1864 91234 91413
1864 2051 92929 93116
2051 2180 97646 97775
2180 2266 98271 98357
2266 2439 101623 101796
2439 2571 102873 103005
2571 2663 105000 105092
2663 2910 106277 106524
2910 3049 107205 107344
3049 3223 114626 114800
3223 3337 117843 117957
3337 3460 121927 122050
3460 3580 124967 125087
3580 3706 131144 131270
3706 3814 133908 134016
3814 3946 135706 135838
3946 4078 136945 137077
4078 4213 137726 137861
4213 4369 138687 138843
4369 4519 143309 143459
4519 4651 151879 152011
4651 4778 152799 152926
4778 4948 153088 153258
4948 5061 154531 154644
5061 5166 154872 154977
5166 5239 155790 155863
5239 5322 158762 158845
5322 5419 160422 160519
5419 5604 162557 162742
5604 5724 166460 166580
5724 5889 167439 167604
5889 6064 168750 168925
6064 6171 169848 169955
6171 6364 172771 172964
6364 6577 175241 175454
6577 6645 177182 177250

>ENST00000263054
0 558 8 566
558 626 207954 208022
626 726 334861 334961
726 885 387842 388001
885 959 402873 402947
959 1024 434420 434485
1024 1143 455193 455312
1143 1233 457900 457990
1233 1413 465141 465321
1413 1560 476196 476343
1560 1663 484800 484903
1663 1740 485202 485279
1740 1832 487130 487222
1832 1940 489378 489486
1940 2058 491549 491667
2058 2189 493167 493298
2189 2303 496732 496846
2303 2475 511981 512153
2475 2662 535146 535333
2662 2796 543973 544107
2796 2920 546262 546386
2920 3033 552511 552624
3033 3165 557237 557369
3165 3265 567084 567184
3265 3371 585060 585166
3371 3507 586979 587115

>ENST00000329016
0 32 203786 203818
32 132 338992 339092
132 297 445790 445955
297 371 461596 461670
371 436 468962 469027
436 555 471815 471934
555 645 474586 474676
645 825 483512 483692
825 972 490205 490352
972 1075 496948 497051
1075 1152 504660 504737
1152 1244 510742 510834
1244 1352 511639 511747
1352 1473 520195 520316
1473 1607 521702 521836
1607 1736 522645 522774
1736 1908 525474 525646
1908 2095 531159 531346
2095 2229 532616 532750
2229 2353 534242 534366
2353 2466 535812 535925
2466 2592 537049 537175
2592 2692 540784 540884
2692 2786 541734 541828
2786 2792 542862 542868
2792 2899 544528 544635
2899 2964 547662 547727

>ENST00000344440
0 71 207951 208022
71 171 334861 334961
171 330 387842 388001
330 404 402873 402947
404 469 434420 434485
469 588 455193 455312
588 678 457900 457990
678 858 465141 465321
858 1005 476196 476343
1005 1108 484800 484903
1108 1185 485202 485279
1185 1277 487130 487222
1277 1385 489378 489486
1385 1503 491549 491667
1503 1634 493167 493298
1634 1748 496732 496846
1748 1920 511981 512153
1920 2107 535146 535333
2107 2241 543973 544107
2241 2365 546262 546386
2365 2478 552511 552624
2478 2610 557237 557369
2610 2710 567084 567184
2710 2816 585060 585166
2816 2977 585283 585444
2977 3009 586923 586924

>ENST00000369698
0 18 465303 465321
18 165 476196 476343
165 268 484800 484903
268 345 485202 485279
345 437 487130 487222
437 545 489378 489486
545 663 491549 491667
663 794 493167 493298
794 908 496732 496846
908 1080 511981 512153
1080 1267 535146 535333
1267 1401 543973 544107
1401 1525 546262 546386
1525 1638 552511 552624
1638 1770 557237 557369
1770 1870 567084 567184
1870 1976 585060 585166
1976 2137 585283 585444
2137 2145 586979 586987

>ENST00000369699
0 620 38 658
620 627 180807 180814
627 695 201502 201570
695 795 274543 274643
795 954 336045 336204
954 1028 401765 401839
1028 1093 448485 448550
1093 1212 464107 464226
1212 1302 498107 498197
1302 1482 506327 506507
1482 1629 515848 515995
1629 1732 517602 517705
1732 1809 523013 523090
1809 1901 525968 526060
1901 2009 536776 536884
2009 2127 558709 558827
2127 2261 559830 559964
2261 2375 569847 569961
2375 2547 573152 573324
2547 2734 575646 575833
2734 2868 581826 581960
2868 2992 604252 604376
2992 3105 605929 606042
3105 3237 611485 611617
3237 3337 614412 614512
3337 3443 615529 615635
3443 3604 621041 621202
3604 3669 622020 622085

>ENST00000369701
0 627 38 665
627 695 201502 201570
695 795 274543 274643
795 954 336045 336204
954 1028 401765 401839
1028 1093 448485 448550
1093 1212 464107 464226
1212 1302 498107 498197
1302 1482 506327 506507
1482 1629 515848 515995
1629 1732 517602 517705
1732 1809 523013 523090
1809 1901 525968 526060
1901 2009 536776 536884
2009 2127 558709 558827
2127 2261 559830 559964
2261 2375 569847 569961
2375 2547 573152 573324
2547 2734 575646 575833
2734 2868 581826 581960
2868 2992 604252 604376
2992 3105 605929 606042
3105 3237 611485 611617
3237 3337 614412 614512
3337 3443 615529 615635
3443 3604 621041 621202
3604 3669 622020 622085

>ENST00000393176
0 67 517638 517705
67 144 523013 523090
144 236 525968 526060
236 344 536776 536884
344 458 569847 569961

>ENST00000452214
0 77 552547 552624
77 209 557237 557369
209 309 567084 567184
309 415 585060 585166
415 576 585283 585444
576 641 587313 587336

>ENST00000471996
0 275 57 332
275 314 616 712

>ENST00000482236
0 32 30479 30511
32 135 42449 42552
135 182 43387 43434

>ENST00000493736
0 32 30479 30511
32 135 42449 42552
135 300 43387 43552
300 356 46916 46972

>ENST00000505529
0 95 541742 541837
95 241 544531 544677
241 306 547662 547727

>ENST00000507866
0 480 109 589
480 548 203750 203818
548 648 338992 339092
648 813 445790 445955
813 887 461596 461670
887 952 468962 469027
952 1071 471815 471934
1071 1161 474586 474676
1161 1341 483512 483692
1341 1488 490205 490352
1488 1591 496948 497051
1591 1668 504660 504737
1668 1760 510742 510834
1760 1868 511639 511747
1868 1989 520195 520316
1989 2123 521702 521836
2123 2252 522645 522774
2252 2424 525474 525646
2424 2611 531159 531346
2611 2745 532616 532750
2745 2869 534242 534366
2869 2982 535812 535925
2982 3108 537049 537175
3108 3208 540784 540884
3208 3311 541734 541837
3311 3415 544531 544635
3415 3480 547662 547727

>ENST00000525532
0 55 114745 114800
55 169 117843 117957
169 292 121927 122050
292 412 124967 125087
412 538 131144 131270
538 646 133908 134016
646 778 135706 135838
778 910 136945 137077
910 1045 137726 137861
1045 1201 138687 138843
1201 1351 143309 143459
1351 1483 151879 152011
1483 1610 152799 152926
1610 1780 153088 153258
1780 1893 154531 154644
1893 1998 154872 154977
1998 2071 155790 155863
2071 2154 158762 158845
2154 2251 160422 160519
2251 2436 162557 162742
2436 2556 166460 166580
2556 2721 167439 167604
2721 2896 168750 168925
2896 3003 169848 169955
3003 3196 172771 172964
3196 3409 175241 175454
3409 3477 177182 177250

>ENST00000527934
0 58 138526 138584
58 214 138687 138843
214 364 143309 143459
364 496 151879 152011
496 623 152799 152926
623 793 153088 153258
793 906 154531 154644
906 1011 154872 154977
1011 1084 155790 155863
1084 1167 158762 158845
1167 1264 160422 160519
1264 1449 162557 162742
1449 1569 166460 166580
1569 1734 167439 167604
1734 1909 168750 168925
1909 2016 169848 169955
2016 2209 172771 172964
2209 2422 175241 175454
2422 2490 177182 177250

>ENST00000532694
0 118 124969 125087
118 244 131144 131270
244 352 133908 134016
352 484 135706 135838
484 616 136945 137077
616 751 137726 137861
751 907 138687 138843
907 1057 143309 143459
1057 1189 151879 152011
1189 1316 152799 152926
1316 1486 153088 153258
1486 1599 154531 154644
1599 1704 154872 154977
1704 1777 155790 155863
1777 1860 158762 158845
1860 1957 160422 160519
1957 2142 162557 162742
2142 2262 166460 166580
2262 2427 167439 167604
2427 2602 168750 168925
2602 2709 169848 169955
2709 2902 172771 172964
2902 3115 175241 175454
3115 3183 177182 177250

>ENST00000534286
0 190 124535 124725
190 310 124967 125087
310 436 131144 131270
436 544 133908 134016
544 676 135706 135838
676 808 136945 137077
808 943 137726 137861
943 1099 138687 138843
1099 1249 143309 143459
1249 1381 151879 152011
1381 1508 152799 152926
1508 1678 153088 153258
1678 1791 154531 154644
1791 1896 154872 154977
1896 1969 155790 155863
1969 2052 158762 158845
2052 2149 160422 160519
2149 2334 162557 162742
2334 2454 166460 166580
2454 2619 167439 167604
2619 2794 168750 168925
2794 2901 169848 169955
2901 3094 172771 172964
3094 3307 175241 175454
3307 3375 177182 177250

>ENST00000538502
0 32 30479 30511
32 135 42449 42552
135 300 43387 43552
300 374 46916 46990
374 424 50386 50436
424 552 52040 52168
552 697 55760 55905
697 853 57039 57195
853 960 61572 61679
960 1063 70317 70420
1063 1232 70758 70927
1232 1423 72829 73020
1423 1613 74797 74987
1613 1730 79949 80066
1730 1839 80960 81069
1839 1946 83140 83247
1946 2070 83534 83658
2070 2085 83861 83876

>ENST00000612154
0 71 207951 208022
71 171 334861 334961
171 330 387842 388001
330 404 402873 402947
404 469 434420 434485
469 588 455193 455312
588 678 457900 457990
678 858 465141 465321
858 1005 476196 476343
1005 1108 484800 484903
1108 1185 485202 485279
1185 1277 487130 487222
1277 1385 489378 489486
1385 1503 491549 491667
1503 1634 493167 493298
1634 1748 496732 496846
1748 1920 511981 512153
1920 2107 535146 535333
2107 2241 543973 544107
2241 2365 546262 546386
2365 2478 552511 552624
2478 2610 557237 557369
2610 2710 567084 567184
2710 2816 585060 585166
2816 2977 585283 585444
2977 2985 586986 590864

>ENST00000622431
0 71 207951 208022
71 171 334861 334961
171 330 387842 388001
330 404 402873 402947
404 469 434420 434485
469 588 455193 455312
588 678 457900 457990
678 858 465141 465321
858 1005 476196 476343
1005 1108 484800 484903
1108 1185 485202 485279
1185 1277 487130 487222
1277 1385 489378 489486
1385 1503 491549 491667
1503 1634 493167 493298
1634 1748 496732 496846
1748 1920 511981 512153
1920 2107 535146 535333
2107 2241 543973 544107
2241 2365 546262 546386
2365 2478 552511 552624
2478 2610 557237 557369
2610 2710 567084 567184
2710 2816 585060 585166
2816 2952 587114 590864

>ENST00000633956
0 32 30479 30511
32 61 42449 42478

