>ENST00000420706
0 61 90 151
61 183 14186 14308
183 407 19365 19589

>ENST00000372235
0 61 90 151
61 183 14186 14308
183 744 19362 19923

>ENSCAFT00000037053
0 61 0 61
61 183 16229 16351
183 837 20764 21418

>ENST00000372242
0 61 90 151
61 183 14186 14308
183 453 19272 19542
453 558 29017 29122
558 606 38024 38072

>ENST00000372244
0 61 90 151
61 166 29017 29122
166 237 38024 38095

>ENSGALT00000083555
0 133 0 133
133 246 508 621
246 909 2071 2734

>ENSMUST00000106433
0 16 747 763
16 132 13909 14025
132 786 15939 16593

>ENSCAFT00000046361
0 61 0 61
61 183 16229 16351
183 456 20764 21037
456 561 30147 30252
561 609 38583 38631

>ENST00000372243
0 61 90 151
61 183 14186 14308
183 288 29017 29122
288 336 38024 38072

>ENSBTAT00000016415
0 61 487 548
61 183 12372 12494
183 726 15720 16263
726 837 23221 23332

>ENSMUST00000062824
0 61 123 184
61 177 13909 14025
177 831 15939 16593

>ENSCAFT00020025289
0 61 0 61
61 183 16264 16386
183 837 20817 21471

>ENSMUST00000125943
0 16 747 763
16 132 13909 14025
132 760 15939 16567

>ENSMUST00000106434
0 82 123 205
82 198 13909 14025
198 852 15939 16593

>ENST00000372237
0 61 90 151
61 183 14186 14308
183 834 19272 19923

>ENSCAFT00000093453
0 61 0 61
61 166 30147 30252
166 222 38583 38639
222 234 38641 38653

>ENSCAFT00000088814
0 61 0 61
61 183 16229 16351
183 288 30147 30252
288 336 38583 38631

