>ENST00000638892
0 129 15557 15686

>ENSCAFT00000072488
0 29 119 148
29 94 6904 6969
94 203 8464 8573
203 336 9394 9527
336 498 15556 15718

>ENSMUST00000107013
0 29 240 269
29 94 8579 8644
94 203 10265 10374
203 336 11184 11317
336 498 18501 18663

>ENSMUST00000055262
0 115 333 448
115 174 6258 6317
174 366 7528 7720
366 540 12085 12259
540 602 14758 14820
602 699 16096 16193

>ENST00000638374
0 120 11975 12095
120 282 15524 15686

>ENSBTAT00000077048
0 100 7106 7206
100 159 9410 9469
159 270 14761 14872
270 348 79425 79503
348 433 90749 90834
433 504 221536 221607
504 566 222682 222744
566 660 368363 368457

>ENSCAFT00020017369
0 94 157 251
94 153 12434 12493
153 264 17213 17324
264 342 79299 79377
342 427 90562 90647
427 498 204177 204248
498 564 204905 204971

>ENSBTAT00000067624
0 235 8999 9234
235 321 10531 10617
321 513 12238 12430
513 687 14598 14772
687 749 16592 16654
749 846 17876 17973

>ENSGALT00000088195
0 94 86 180
94 153 6944 7003
153 264 11398 11509
264 342 49051 49129
342 363 55349 55370
363 448 60200 60285
448 519 148565 148636
519 581 153004 153066
581 675 248447 248541

>ENST00000640068
0 40 6470 6510
40 149 8024 8133
149 282 8992 9125
282 444 15524 15686

>ENST00000639199
0 29 118 147
29 94 6445 6510
94 203 8024 8133
203 336 8992 9125
336 442 15524 15630
442 492 40760 40810

>ENST00000576910
0 29 118 147
29 94 6445 6510
94 197 8030 8133
197 330 8992 9125
330 471 11954 12095
471 633 15524 15686

>ENST00000575949
0 29 118 147
29 94 6445 6510
94 203 8024 8133
203 432 8992 9221

>ENST00000640806
0 38 275 313
38 103 6445 6510
103 212 8024 8133
212 345 8992 9125
345 474 11954 12083

>ENST00000393456
0 40 6470 6510
40 149 8024 8133
149 282 8992 9125
282 444 15524 15686

>ENST00000640723
0 33 6477 6510
33 142 8024 8133
142 275 8992 9125
275 416 11954 12095
416 522 15524 15630
522 615 43459 43552
615 644 52124 52153

>ENSCAFT00020017376
0 94 157 251
94 153 12434 12493
153 264 17213 17324
264 342 79299 79377
342 363 85813 85834
363 448 90562 90647
448 519 204177 204248
519 581 204905 204967
581 669 206773 206861

>ENSGALT00000096065
0 29 363 392
29 94 2346 2411
94 203 3418 3527
203 336 4505 4638
336 477 6796 6937
477 639 8936 9098

>ENST00000556461
0 115 14975 15090
115 293 18231 18409
293 310 21322 21339

>ENSBTAT00000072278
0 94 0 94
94 153 9410 9469
153 264 14761 14872
264 342 79425 79503
342 427 90749 90834
427 498 221536 221607
498 560 222682 222744
560 603 267213 267256

>ENST00000639985
0 29 118 147
29 94 6445 6510
94 203 8024 8133
203 336 8992 9125
336 442 15524 15630
442 468 41269 41295

>ENST00000638838
0 29 118 147
29 94 6445 6510
94 200 8027 8133
200 333 8992 9125
333 474 11954 12095
474 636 15524 15686

>ENSMUST00000162569
0 192 7528 7720
192 366 12085 12259
366 549 16096 16279

>ENSGALT00000040859
0 29 363 392
29 94 2346 2411
94 203 3418 3527
203 336 4505 4638
336 498 8936 9098

>ENSMUST00000163031
0 18 6299 6317
18 210 7528 7720
210 225 10445 10460

>ENST00000225567
0 29 118 147
29 94 6445 6510
94 203 8024 8133
203 336 8992 9125
336 477 11954 12095
477 583 15524 15630
583 642 17480 17539

>ENST00000638468
0 97 8036 8133
97 230 8992 9125
230 336 15524 15630
336 377 40927 40968

>ENST00000640711
0 29 118 147
29 78 742 791
78 143 6445 6510
143 201 15524 15582

>ENST00000639713
0 74 8059 8133
74 207 8992 9125
207 348 11954 12095
348 454 15524 15630
454 462 29588 29596

>ENSBTAT00000021217
0 29 79 108
29 94 8140 8205
94 203 9844 9953
203 336 10936 11069
336 477 14032 14173
477 639 17812 17974

>ENSMUST00000223690
0 94 156 250
94 153 5644 5703
153 264 12051 12162
264 342 64647 64725
342 363 70894 70915
363 448 75489 75574
448 519 182216 182287
519 581 182948 183010
581 675 307522 307616

>ENSCAFT00020039951
0 221 8272 8493
221 354 9313 9446
354 495 12177 12318
495 657 15518 15680

>ENSGALT00000094742
0 392 0 392
392 457 2346 2411
457 566 3418 3527
566 699 4505 4638
699 840 6796 6937
840 1002 8936 9098

>ENSBTAT00000075149
0 94 0 94
94 153 9410 9469
153 264 14761 14872
264 342 79425 79503
342 363 85923 85944
363 448 90749 90834
448 519 221536 221607
519 581 222682 222744
581 675 368363 368457

>ENSCAFT00000076079
0 40 6929 6969
40 149 8464 8573
149 282 9394 9527
282 423 12215 12356
423 585 15556 15718

>ENSMUST00000162789
0 115 333 448
115 165 7528 7578

>ENST00000570879
0 140 1254 1394
140 205 6445 6510
205 314 8024 8133
314 447 8992 9125
447 588 11954 12095
588 595 15524 15531

>ENST00000554636
0 61 15029 15090
61 235 18231 18405
235 385 23339 23489

>ENSBTAT00000002532
0 115 140 255
115 174 10558 10617
174 366 12238 12430
366 540 14598 14772
540 602 16592 16654
602 699 17876 17973

>ENST00000640871
0 18 9107 9125
18 159 11954 12095
159 277 14818 14936
277 300 15524 15547

>ENST00000638216
0 40 6470 6510
40 149 8024 8133
149 282 8992 9125
282 423 11954 12095
423 585 15524 15686

>ENSGALT00000015509
0 115 88 203
115 174 2531 2590
174 366 4081 4273
366 540 5376 5550
540 602 6485 6547
602 699 7614 7711

>ENST00000640138
0 120 11975 12095
120 282 15524 15686

>ENST00000573224
0 29 118 147
29 94 6445 6510
94 203 8024 8133
203 336 8992 9125
336 477 11954 12095
477 583 15524 15630
583 774 43459 43650

>ENSCAFT00000076902
0 29 119 148
29 94 6904 6969
94 203 8464 8573
203 346 9394 9537
346 420 9539 9613
420 432 9614 9626

>ENSCAFT00000085982
0 29 119 148
29 94 6904 6969
94 203 8464 8573
203 336 9394 9527
336 483 12215 12362
483 530 12364 12411
530 588 15556 15614

>ENSCAFT00000021291
0 29 119 148
29 94 6904 6969
94 203 8464 8573
203 336 9394 9527
336 477 12215 12356
477 639 15556 15718

>ENST00000571048
0 40 6470 6510
40 149 8024 8133
149 328 8992 9171

>ENST00000623037
0 29 118 147
29 94 6445 6510
94 203 8024 8133
203 336 8992 9125
336 533 11954 12151
533 591 15524 15582

>ENST00000640358
0 29 118 147
29 94 6445 6510
94 203 8024 8133
203 336 8992 9125
336 477 11954 12095
477 583 15524 15630
583 633 40760 40810

>ENSCAFT00020009065
0 115 0 115
115 174 20579 20638
174 366 22719 22911
366 540 25655 25829
540 602 27303 27365
602 699 28602 28699

>ENSBTAT00000083081
0 32 3204 3236
32 97 8140 8205
97 206 9844 9953
206 339 10936 11069
339 480 14032 14173
480 642 17812 17974

>ENSCAFT00000012309
0 627 0 627

>ENST00000639388
0 40 6470 6510
40 149 8024 8133
149 282 8992 9125
282 423 11954 12095
423 529 15524 15630
529 579 40760 40810

>ENST00000639365
0 29 118 147
29 94 6445 6510
94 203 8024 8133
203 336 8992 9125
336 477 11954 12095
477 583 15524 15630
583 609 41269 41295

>ENST00000640792
0 29 118 147
29 94 6445 6510
94 203 8024 8133
203 336 8992 9125
336 477 11954 12095
477 583 15524 15630
583 681 40622 40720

>ENST00000432306
0 94 376 470
94 153 13526 13585
153 264 17549 17660
264 342 80089 80167
342 427 91248 91333
427 498 221220 221291
498 560 221939 222001
560 612 289725 289777

>ENST00000640608
0 29 118 147
29 94 6445 6510
94 203 8024 8133
203 336 8992 9125
336 498 15524 15686

>ENST00000640051
0 29 118 147
29 94 6445 6510
94 203 8024 8133
203 336 8992 9125
336 477 11954 12095
477 639 15524 15686

>ENSCAFT00020039950
0 29 0 29
29 94 6826 6891
94 203 8384 8493
203 336 9313 9446
336 477 12177 12318
477 639 15518 15680

>ENSMUST00000225529
0 94 156 250
94 153 5644 5703
153 264 12051 12162
264 342 64647 64725
342 427 75489 75574
427 498 182216 182287
498 560 182948 183010
560 594 260179 260213

>ENST00000638634
0 29 118 147
29 94 6445 6510
94 200 8027 8133
200 333 8992 9125
333 495 15524 15686

>ENST00000393077
0 94 376 470
94 153 13526 13585
153 264 17549 17660
264 342 80089 80167
342 427 91248 91333
427 498 221220 221291
498 560 221939 222001
560 654 368292 368386

>ENST00000415811
0 29 118 147
29 94 6445 6510
94 200 8027 8133
200 333 8992 9125
333 585 11954 12206

>ENST00000640443
0 40 6470 6510
40 149 8024 8133
149 282 8992 9125
282 423 11954 12095
423 585 15524 15686

>ENST00000640866
0 100 15530 15630
100 162 32426 32488

>ENST00000638697
0 29 118 147
29 94 6445 6510
94 203 8024 8133
203 336 8992 9125
336 442 15524 15630
442 594 17387 17539

>ENST00000640269
0 40 6470 6510
40 149 8024 8133
149 282 8992 9125
282 534 11954 12206

>ENST00000639287
0 40 6470 6510
40 149 8024 8133
149 282 8992 9125
282 534 11954 12206

>ENST00000638579
0 29 118 147
29 94 6445 6510
94 203 8024 8133
203 336 8992 9125
336 477 11954 12095
477 583 15524 15630
583 600 25491 25508

>ENST00000554659
0 115 331 446
115 174 12285 12344
174 366 14898 15090
366 540 18231 18405
540 602 21322 21384
602 699 23339 23436

>ENST00000638219
0 29 118 147
29 94 6445 6510
94 203 8024 8133
203 336 8992 9125
336 477 11954 12095
477 583 15524 15630
583 600 25491 25508

>ENSBTAT00000081862
0 29 79 108
29 94 8140 8205
94 203 9844 9953
203 336 10936 11069
336 498 17812 17974

>ENST00000640621
0 29 118 147
29 94 6445 6510
94 203 8024 8133
203 336 8992 9125
336 588 11954 12206

>ENST00000555543
0 115 331 446
115 180 14898 14963

>ENSMUST00000021329
0 29 240 269
29 94 8579 8644
94 203 10265 10374
203 336 11184 11317
336 477 13966 14107
477 639 18501 18663

>ENST00000640007
0 29 118 147
29 94 6445 6510
94 197 8030 8133
197 426 8992 9221

>ENST00000216456
0 115 331 446
115 135 11630 11650

>ENST00000638189
0 29 118 147
29 94 6445 6510
94 203 8024 8133
203 336 8992 9125
336 477 11954 12095
477 583 15524 15630
583 645 32426 32488

>ENSMUST00000095950
0 94 156 250
94 153 5644 5703
153 264 12051 12162
264 342 64647 64725
342 427 75489 75574
427 498 182216 182287
498 560 182948 183010
560 654 307522 307616

>ENSCAFT00000050009
0 94 136 230
94 153 12191 12250
153 264 16969 17080
264 342 78837 78915
342 427 90094 90179
427 498 203705 203776
498 560 204433 204495
560 654 345683 345777

>ENST00000640495
0 120 11975 12095
120 282 15524 15686

>ENSGALT00000053125
0 94 86 180
94 153 6944 7003
153 264 11398 11509
264 342 49051 49129
342 427 60200 60285
427 498 148565 148636
498 560 153004 153066
560 654 248447 248541

>ENST00000571841
0 29 60 89
29 94 6387 6452
94 203 7966 8075
203 336 8934 9067
336 477 11896 12037
477 583 15466 15572
583 676 43401 43494
676 699 101547 101570

>ENST00000639031
0 231 11975 12206

