>ENSCAFT00020007665
0 132 0 132
132 474 165 507
474 1269 11327 12122

>ENSVVUT00000048378
0 458 0 458
458 1338 3074 3954

>ENSEEUT00000009432
0 483 2 485
483 1046 9614 10177
1046 1055 10184 10193
1055 1278 10195 10418

>ENSCAPT00000013695
0 471 0 471
471 1209 10083 10821

>ENSCPOT00000032205
0 471 363 834
471 1209 10452 11190

>ENSODET00000011894
0 483 0 483
483 1233 11245 11995

>ENSCLAT00000013965
0 483 586 1069
483 1236 10604 11357

>ENSHGLT00100014134
0 483 390 873
483 1119 10341 10977

>ENSHGLT00000001305
0 483 390 873
483 1161 10291 10969

>ENSFDAT00000030011
0 483 355 838
483 975 10108 10600

>ENSTSYT00000033225
0 492 2 494
492 1287 10918 11713

>ENSNVIT00000016653
0 483 284 767
483 1221 10619 11357

>ENSMPUT00000012837
0 837 315 1152
837 1564 10991 11718
1564 1572 11952 11960

>ENSUAMT00000001708
0 483 467 950
483 1278 12269 13064

>ENSUMAT00000033449
0 483 2 485
483 1278 10544 11339

>ENSAMET00000015683
0 483 2 485
483 1278 10921 11716

>ENSSART00000002634
0 34 0 34
34 483 35 484
483 1212 11429 12158

>ENSMSIT00000003843
0 483 426 909
483 1257 11753 12527

>ENSMUST00000051572
0 483 260 743
483 1257 11523 12297

