




>ENSMUST00000062824
61 177 831 

>ENSMUST00000106433
16 132 786 

>ENSMUST00000106434
82 198 852 

>ENSMUST00000125943
16 132 757 











>ENSGALT00000083555
133 246 909 




















>ENST00000372235
61 183 744 

>ENST00000372237
61 183 834 

>ENST00000372242
61 183 453 558 606 

>ENST00000372243
61 183 288 336 

>ENST00000372244
61 166 237 

>ENST00000420706
61 183 404 




>ENSCAFT00020025289
61 183 837 












>ENSBTAT00000016415
61 183 726 837 
















>ENSCAFT00000037053
180 831 879 

>ENSCAFT00000046361
61 183 837 













