>ENSBTAT00000020514
162 415 672 


>ENSBTAT00000074331
162 415 672 






























>ENSBTAT00000034148
154 330 580 852 

































>ENSCAFT00000023844
154 330 580 852 
































>ENSCAFT00000031802
162 415 672 
































>ENSCAFT00020032516
154 330 580 852 
































>ENSCAFT00020034974
162 415 672 

>ENSCAFT00020034975
162 684 












































>ENST00000372480
162 415 672 

>ENST00000372481
162 330 438 

>ENST00000372483
162 415 672 

>ENST00000372486
162 415 672 


>ENST00000459968
973 

>ENST00000481189
98 213 

>ENST00000482347
151 408 

>ENST00000611055
162 415 672 

>ENST00000613644
162 415 672 

>ENST00000617943
151 408 

























>ENST00000439373
154 330 580 852 















>ENSGALT00000085663
162 415 672 

>ENSGALT00000089974
162 415 672 
































>ENSGALT00000105253
154 330 580 855 
































>ENSMUST00000041830
162 415 672 

>ENSMUST00000127566
162 355 

>ENSMUST00000128303
162 235 

>ENSMUST00000129712
98 213 

>ENSMUST00000138889
98 213 

>ENSMUST00000143970
158 411 434 

>ENSMUST00000152374
162 415 439 
































>ENSMUST00000159679
154 330 580 852 

>ENSMUST00000160495
154 162 












