










>ENST00000448228
96 159 240 374 640 790 891 

>ENST00000533852
96 159 240 342 476 742 892 993 

>ENST00000534520
96 159 240 374 462 

>ENST00000533513
96 159 240 342 480 












>ENST00000262365
96 159 240 342 476 742 892 993 

>ENST00000309608
35 169 319 420 












>ENSPTRT00000037010
96 159 261 411 498 












>ENSMUST00000064635
96 159 240 342 476 742 889 1008 












>ENSRNOT00000003843
96 159 240 342 476 742 889 1008 












>ENSBTAT00000037485
96 159 240 342 476 772 922 1023 












>ENSGALT00000003178
84 156 237 339 473 769 916 1017 

