>ENSSFOT00015019419
0 72 899 971
72 143 1746 1817
143 192 3992 4041
192 325 5974 6107
325 433 14108 14216
433 496 14374 14437
496 576 15087 15167

>ENSPKIT00000011840
0 72 306 378
72 143 1098 1169
143 192 1698 1747
192 325 2636 2769
325 576 9692 9943

>ENSPKIT00000011853
0 72 306 378
72 143 1098 1169
143 192 1698 1747
192 325 2636 2769
325 433 9692 9800
433 496 9986 10049
496 576 10540 10620

>ENSPNAT00000029738
0 24 96 120
24 95 6832 6903
95 144 6984 7033
144 277 8063 8196
277 385 18248 18356
385 448 20270 20333
448 528 21035 21115

>ENSPNAT00000039608
0 216 5857 6073
216 287 6832 6903
287 336 6984 7033
336 469 8063 8196
469 577 18248 18356
577 640 20270 20333
640 720 21035 21115

>ENSAMXT00000042686
0 75 2 77
75 146 1358 1429
146 195 2705 2754
195 328 3258 3391
328 436 16150 16258
436 499 17572 17635
499 579 18090 18170

>ENSIPUT00000031483
0 72 277 349
72 143 4781 4852
143 192 4938 4987
192 325 6145 6278
325 433 18569 18677
433 496 19873 19936
496 576 20324 20404

>ENSIPUT00000031489
0 14 153 167
14 96 267 349
96 167 4781 4852
167 216 4938 4987
216 349 6145 6278
349 457 18569 18677
457 520 19873 19936
520 600 20324 20404

>ENSDART00000034686
0 72 74 146
72 143 475 546
143 192 634 683
192 325 760 893
325 433 8458 8566
433 496 8733 8796
496 576 9521 9601

>ENSPFOT00000004262
0 72 140 212
72 143 3100 3171
143 192 3438 3487
192 372 4203 4383

>ENSPLAT00000002662
0 72 52 124
72 143 5624 5695
143 192 5962 6011
192 325 11256 11389
325 433 20971 21079
433 561 21148 21276

>ENSPMET00000021864
0 72 74 146
72 143 2451 2522
143 192 2769 2818
192 325 3534 3667
325 433 14154 14262
433 496 14331 14394
496 576 14626 14706

>ENSXMAT00000025467
0 17 2 19
17 93 833 909
93 164 6536 6607
164 213 6876 6925
213 346 7606 7739
346 454 13155 13263
454 517 13332 13395
517 597 13624 13704

>ENSXMAT00000030778
0 50 5701 5751
50 149 6508 6607
149 198 6876 6925
198 331 7606 7739
331 394 13332 13395
394 430 13495 13531
430 510 13624 13704

>ENSXMAT00000036587
0 113 5707 5820
113 212 6508 6607
212 261 6876 6925
261 394 7606 7739
394 502 13155 13263
502 565 13332 13395
565 645 13624 13704

>ENSXCOT00000021879
0 113 2 115
113 212 803 902
212 261 1171 1220
261 394 1901 2034
394 502 7775 7883
502 565 7952 8015
565 645 8246 8326

>ENSCVAT00000004513
0 72 0 72
72 143 4649 4720
143 266 5073 5196
266 364 11829 11927
364 519 12002 12157

>ENSFHET00000000375
0 72 145 217
72 143 2463 2534
143 192 2672 2721
192 325 3932 4065
325 433 10151 10259
433 496 10334 10397
496 576 11235 11315

>ENSKMAT00000010463
0 72 59 131
72 143 773 844
143 192 1440 1489
192 325 2126 2259
325 433 6905 7013
433 496 7096 7159
496 576 8381 8461

