



































>ENSPMJT00000008910
64 129 277 383 423 472 553 730 838 1009 1258 1381 1492 1663 1915 2032 2143 2311 2533 2580 2673 













>ENSCCET00000028128
138 209 322 387 535 641 681 730 811 988 1096 1267 1516 1639 1750 1921 2173 2290 2401 2569 2791 2838 2931 













>ENSFALT00000002338
52 229 337 508 768 889 1005 1174 1429 1558 1669 1837 2059 2106 2199 













>ENSZALT00000006684
13 121 292 538 661 772 943 1189 1306 1417 1585 1807 1854 1947 

>ENSZALT00000006688
13 184 430 553 664 835 1081 1198 1309 1477 1699 1746 1839 

















































>ENSMVIT00005006322
57 205 311 351 400 484 661 769 940 1189 1312 1423 1594 1840 1957 2068 2236 2458 2505 2598 

>ENSMVIT00005006330
57 205 311 351 400 484 661 769 940 1189 1312 1423 1594 1840 1957 2125 2347 2394 2487 

>ENSMVIT00005006353
57 205 311 351 400 484 661 769 940 1189 1312 1423 1594 1840 1951 2119 2341 2388 2481 

>ENSMVIT00005006388
57 205 311 351 400 484 661 769 940 1189 1312 1423 1594 1840 1957 2068 2290 2337 2430 













>ENSLCOT00000024712
268 451 553 730 838 1009 1237 1281 1375 1486 1657 1890 1947 2073 2125 2302 2544 2637 

>ENSLCOT00000024713
268 451 553 730 838 1009 1237 1281 1375 1486 1657 1890 1947 2073 2125 2289 2382 













>ENSABRT00000004810
61 132 277 383 444 549 732 876 1048 1120 1297 1405 1576 1828 1948 2059 2230 2473 2590 2701 2869 3085 3132 3225 

