>ENST00000346477
67 427 706 964 1058 1140 1314 

>ENST00000359982
67 427 706 787 1045 1139 1170 

>ENST00000436458
67 319 598 856 950 1032 1206 

>ENST00000343300
67 427 706 754 1012 1062 

>ENST00000425629
67 427 706 754 1012 1106 1188 1362 

>ENST00000391797
67 427 673 721 979 1029 



























>ENST00000441969
37 421 532 580 850 898 1156 1250 1362 1635 

>ENST00000353836
37 421 706 754 1024 1072 1330 1424 1536 1809 

>ENST00000442846
37 421 532 580 628 886 980 1092 1365 

>ENST00000525998
37 421 706 754 802 1060 1154 1266 1539 

>ENST00000436984
37 421 562 610 880 928 1186 1280 1392 1665 

>ENST00000439889
37 421 532 580 850 898 1156 1441 1535 1647 1920 

>ENST00000339313
37 421 706 754 1024 1072 1330 1615 1709 1821 2094 



























>ENST00000392213
46 415 712 970 1231 1519 1616 1716 1881 

>ENST00000361922
46 415 712 970 1231 1519 1616 1716 1749 

>ENST00000597035
46 176 177 

>ENST00000537831
340 637 895 1156 1444 1541 1641 1806 



























>ENSPTRT00000021166
162 337 616 664 758 825 



























>ENSMUST00000121492
436 484 578 651 

>ENSMUST00000060416
436 715 763 857 930 

>ENSMUST00000094360
436 715 809 882 

>ENSMUST00000165045
436 715 763 857 934 999 



























>ENSRNOT00000028544
46 415 712 970 1231 1519 1616 1716 1881 

>ENSRNOT00000044532
46 415 712 970 1231 1519 1616 1716 1749 



























>ENSBTAT00000055261
46 415 712 970 1231 1519 1616 1716 1881 



























>ENSACAT00000005456
49 418 715 973 1234 1522 1619 1719 1752 

