>ENSMGAT00000009098
0 57 11 68
57 141 891 975
141 199 1296 1354
199 259 1684 1744
259 330 1827 1898

>ENSSMRT00000019386
0 145 0 145
145 207 1372 1434
207 291 1896 1980
291 349 2623 2681
349 409 2961 3021
409 486 3100 3177

>ENSSMRT00000019387
0 145 0 145
145 207 1372 1434
207 291 1896 1980
291 349 2623 2681
349 510 2961 3122

>ENSMAUT00000001624
0 75 11 86
75 133 985 1043
133 193 1719 1779
193 270 1861 1938

>ENSEBUT00000010181
0 97 94 191
97 186 1263 1352
186 270 3417 3501
270 328 17784 17842
328 388 20276 20336
388 465 22700 22777

>FBtr0085625
0 34 38 72
34 420 127 513

>T14B4.2
0 216 1 217
216 309 268 361
309 420 408 519

