>ENSPMAT00000004867
0 186 9 195
186 330 586 730
330 514 1626 1810
514 517 2137 2140
517 733 3385 3601
733 838 4334 4439
838 1009 5254 5425
1009 1015 6084 6090
1015 1200 6453 6638

>ENSEBUT00000005542
0 196 55 251
196 382 4673 4859
382 487 5272 5377
487 663 27348 27524

>ENSCPBT00000005731
0 319 83 402
319 390 1771 1842
390 414 2937 2961
414 562 4618 4766
562 668 5406 5512
668 732 7266 7330
732 837 10328 10433
837 1020 10835 11018
1020 1164 11973 12117
1164 1339 18816 18991
1339 1426 21851 21938
1426 1609 22178 22361
1609 1717 28249 28357
1717 1888 29649 29820
1888 2140 31470 31722
2140 2269 31926 32055
2269 2380 39598 39709
2380 2551 40449 40620
2551 2806 42499 42754
2806 2923 43318 43435
2923 3037 43711 43825
3037 3205 49105 49273
3205 3421 50654 50870
3421 3516 51053 51148

>ENSCPBT00000005754
0 319 83 402
319 390 1771 1842
390 414 2937 2961
414 562 4618 4766
562 668 5406 5512
668 732 7266 7330
732 837 10328 10433
837 1020 10835 11018
1020 1164 11973 12117
1164 1339 18816 18991
1339 1426 21851 21938
1426 1609 22178 22361
1609 1717 28249 28357
1717 1969 31470 31722
1969 2098 31926 32055
2098 2209 39598 39709
2209 2380 40449 40620
2380 2635 42499 42754
2635 2752 43318 43435
2752 2866 43711 43825
2866 3034 49105 49273
3034 3250 50654 50870
3250 3345 51053 51148

>ENSCPBT00000005788
0 319 83 402
319 390 1771 1842
390 414 2937 2961
414 562 4618 4766
562 668 5406 5512
668 732 7266 7330
732 837 10328 10433
837 1020 10835 11018
1020 1164 11973 12117
1164 1339 18816 18991
1339 1426 21851 21938
1426 1609 22178 22361
1609 1717 28249 28357
1717 1888 29649 29820
1888 2140 31470 31722
2140 2269 31926 32055
2269 2380 39598 39709
2380 2551 40449 40620
2551 2806 42499 42754
2806 2923 43318 43435
2923 3037 43711 43825
3037 3205 49105 49273
3205 3300 51053 51148

>ENSCPRT00005018311
0 331 2 333
331 426 5591 5686
426 531 7530 7635
531 714 8088 8271
714 858 9356 9500
858 1027 11784 11953
1027 1114 18897 18984
1114 1279 19217 19382
1279 1387 22597 22705
1387 1558 26270 26441
1558 1807 28774 29023
1807 1909 29819 29921
1909 2020 31362 31473
2020 2179 32150 32309
2179 2434 33262 33517
2434 2572 36998 37136
2572 2677 38214 38319
2677 2845 38768 38936
2845 3058 39831 40044
3058 3073 42118 42133
3073 3120 42256 42303

>ENSARWT00000029702
0 204 2 206
204 255 254 305
255 403 1701 1849
403 481 2280 2358
481 576 5396 5491
576 759 5840 6023
759 903 6716 6860
903 1094 7850 8041
1094 1246 10398 10550
1246 1354 11837 11945
1354 1525 13403 13574
1525 1799 14463 14737
1799 1882 17251 17334
1882 1993 18455 18566
1993 2164 18754 18925
2164 2383 19933 20152
2383 2397 20363 20377
2397 2532 20648 20783
2532 2635 21041 21144
2635 2803 22322 22490
2803 2964 22879 23040
2964 3054 24903 24993

>ENSCCET00000028128
0 138 0 138
138 209 1553 1624
209 322 2136 2249
322 387 3337 3402
387 535 3598 3746
535 641 4135 4241
641 681 4557 4597
681 730 6209 6258
730 811 7751 7832
811 988 8160 8337
988 1096 8837 8945
1096 1267 9447 9618
1267 1516 9883 10132
1516 1639 11525 11648
1639 1750 12534 12645
1750 1921 12825 12996
1921 2173 13921 14173
2173 2290 14684 14801
2290 2401 15014 15125
2401 2569 15382 15550
2569 2791 15871 16093
2791 2838 16265 16312
2838 2931 16913 17006

>ENSPMJT00000008910
0 64 633 697
64 129 1823 1888
129 277 2084 2232
277 383 2619 2725
383 423 3044 3084
423 472 4695 4744
472 553 6252 6333
553 730 6661 6838
730 838 7335 7443
838 1009 7945 8116
1009 1258 8371 8620
1258 1381 10020 10143
1381 1492 11028 11139
1492 1663 11319 11490
1663 1915 12418 12670
1915 2032 13179 13296
2032 2143 13509 13620
2143 2311 13877 14045
2311 2533 14373 14595
2533 2580 14764 14811
2580 2673 15410 15503

>ENSFALT00000002338
0 52 6211 6263
52 229 6585 6762
229 337 7261 7369
337 508 7886 8057
508 768 8284 8544
768 889 9989 10110
889 1005 11006 11122
1005 1174 11297 11466
1174 1429 12902 13157
1429 1558 13653 13782
1558 1669 13983 14094
1669 1837 14340 14508
1837 2059 14864 15086
2059 2106 15242 15289
2106 2199 15896 15989

>ENSZALT00000006684
0 13 227 240
13 121 740 848
121 292 1356 1527
292 538 1797 2043
538 661 3420 3543
661 772 4438 4549
772 943 4726 4897
943 1189 5759 6005
1189 1306 6577 6694
1306 1417 6903 7014
1417 1585 7269 7437
1585 1807 7766 7988
1807 1854 8154 8201
1854 1947 8810 8903

>ENSZALT00000006688
0 13 227 240
13 184 1356 1527
184 430 1797 2043
430 553 3420 3543
553 664 4438 4549
664 835 4726 4897
835 1081 5759 6005
1081 1198 6577 6694
1198 1309 6903 7014
1309 1477 7269 7437
1477 1699 7766 7988
1699 1746 8154 8201
1746 1839 8810 8903

>ENSMVIT00005006322
0 57 2470 2527
57 205 2695 2843
205 311 3229 3335
311 351 4436 4476
351 400 5419 5468
400 484 6972 7056
484 661 7379 7556
661 769 8749 8857
769 940 9369 9540
940 1189 10270 10519
1189 1312 11682 11805
1312 1423 13074 13185
1423 1594 13376 13547
1594 1840 14474 14720
1840 1957 15239 15356
1957 2068 15577 15688
2068 2236 16797 16965
2236 2458 17302 17524
2458 2505 17696 17743
2505 2598 19211 19304

>ENSMVIT00005006330
0 57 2470 2527
57 205 2695 2843
205 311 3229 3335
311 351 4436 4476
351 400 5419 5468
400 484 6972 7056
484 661 7379 7556
661 769 8749 8857
769 940 9369 9540
940 1189 10270 10519
1189 1312 11682 11805
1312 1423 13074 13185
1423 1594 13376 13547
1594 1840 14474 14720
1840 1957 15239 15356
1957 2125 16797 16965
2125 2347 17302 17524
2347 2394 17696 17743
2394 2487 19211 19304

>ENSMVIT00005006353
0 57 2470 2527
57 205 2695 2843
205 311 3229 3335
311 351 4436 4476
351 400 5419 5468
400 484 6972 7056
484 661 7379 7556
661 769 8749 8857
769 940 9369 9540
940 1189 10270 10519
1189 1312 11682 11805
1312 1423 13074 13185
1423 1594 13376 13547
1594 1840 14474 14720
1840 1951 15577 15688
1951 2119 16797 16965
2119 2341 17302 17524
2341 2388 17696 17743
2388 2481 19211 19304

>ENSMVIT00005006388
0 57 2470 2527
57 205 2695 2843
205 311 3229 3335
311 351 4436 4476
351 400 5419 5468
400 484 6972 7056
484 661 7379 7556
661 769 8749 8857
769 940 9369 9540
940 1189 10270 10519
1189 1312 11682 11805
1312 1423 13074 13185
1423 1594 13376 13547
1594 1840 14474 14720
1840 1957 15239 15356
1957 2068 15577 15688
2068 2290 17302 17524
2290 2337 17696 17743
2337 2430 19211 19304

>ENSLCOT00000024712
0 268 2 270
268 451 3317 3500
451 553 5534 5636
553 730 7568 7745
730 838 8938 9046
838 1009 9557 9728
1009 1237 10457 10685
1237 1281 10717 10761
1281 1375 11900 11994
1375 1486 13267 13378
1486 1657 13571 13742
1657 1890 14671 14904
1890 1947 15263 15320
1947 2073 15459 15585
2073 2125 15833 15885
2125 2302 16996 17173
2302 2544 17505 17747
2544 2637 19422 19515

>ENSLCOT00000024713
0 268 2 270
268 451 3317 3500
451 553 5534 5636
553 730 7568 7745
730 838 8938 9046
838 1009 9557 9728
1009 1237 10457 10685
1237 1281 10717 10761
1281 1375 11900 11994
1375 1486 13267 13378
1486 1657 13571 13742
1657 1890 14671 14904
1890 1947 15263 15320
1947 2073 15459 15585
2073 2125 15833 15885
2125 2289 16996 17160
2289 2382 19422 19515

>ENSABRT00000004810
0 61 39 100
61 132 1278 1349
132 277 1531 1676
277 383 2072 2178
383 444 3292 3353
444 549 4922 5027
549 732 5362 5545
732 876 6216 6360
876 1048 7306 7478
1048 1120 8650 8722
1120 1297 9157 9334
1297 1405 10542 10650
1405 1576 12079 12250
1576 1828 12651 12903
1828 1948 13681 13801
1948 2059 14489 14600
2059 2230 14802 14973
2230 2473 15510 15753
2473 2590 16240 16357
2590 2701 16695 16806
2701 2869 17742 17910
2869 3085 18204 18420
3085 3132 18627 18674
3132 3225 20182 20275

>ENSAPLT00000013130
0 46 797 843
46 117 1987 2058
117 262 2240 2385
262 368 2792 2898
368 429 4005 4066
429 534 4968 5073
534 717 5408 5591
717 861 6265 6409
861 1033 7348 7520
1033 1105 8687 8759
1105 1282 9183 9360
1282 1390 10542 10650
1390 1561 12109 12280
1561 1810 13654 13903
1810 1933 14635 14758
1933 2044 15449 15560
2044 2215 15775 15946
2215 2458 16484 16727
2458 2575 17202 17319
2575 2686 17538 17649
2686 2854 18553 18721
2854 3070 18997 19213
3070 3204 19421 19555

>ENSGALT00000084946
0 31 175 206
31 102 1289 1360
102 247 1582 1727
247 353 2127 2233
353 414 3298 3359
414 519 4961 5066
519 702 5424 5607
702 846 6249 6393
846 1015 7228 7397
1015 1192 8073 8250
1192 1300 9336 9444
1300 1471 10427 10598
1471 1720 11901 12150
1720 1843 12764 12887
1843 1954 13036 13147
1954 2125 13369 13540
2125 2350 14521 14746
2350 2467 15267 15384
2467 2578 15624 15735
2578 2746 16281 16449
2746 2968 16735 16957
2968 3015 17107 17154
3015 3108 18019 18112

>ENSGALT00000092521
0 31 175 206
31 102 1289 1360
102 247 1582 1727
247 353 2127 2233
353 414 3298 3359
414 519 4961 5066
519 702 5424 5607
702 846 6249 6393
846 1015 7228 7397
1015 1192 8073 8250
1192 1300 9336 9444
1300 1471 10427 10598
1471 1720 11901 12150
1720 1843 12764 12887
1843 1954 13036 13147
1954 2125 13369 13540
2125 2350 14521 14746
2350 2467 15267 15384
2467 2578 15624 15735
2578 2746 16281 16449
2746 2968 16735 16957
2968 3015 17107 17154
3015 3108 18019 18112

>ENSCJPT00005034777
0 31 50 81
31 102 1079 1150
102 247 1369 1514
247 353 1903 2009
353 414 2861 2922
414 519 4105 4210
519 702 4555 4738
702 846 5249 5393
846 1015 6225 6394
1015 1192 7052 7229
1192 1300 7584 7692
1300 1471 8507 8678
1471 1720 9993 10242
1720 1843 10855 10978
1843 1954 11117 11228
1954 2125 11349 11520
2125 2368 12440 12683
2368 2485 13174 13291
2485 2596 13519 13630
2596 2764 14171 14339
2764 2986 14633 14855
2986 3033 15234 15281
3033 3126 16009 16102

>ENSNMET00000021880
0 62 2 64
62 145 1621 1704
145 216 3180 3251
216 361 3470 3615
361 467 4018 4124
467 528 5150 5211
528 633 6824 6929
633 816 7264 7447
816 960 8112 8256
960 1132 9104 9276
1132 1309 9934 10111
1309 1417 11268 11376
1417 1588 12418 12589
1588 1837 13537 13786
1837 1960 14453 14576
1960 2071 15388 15499
2071 2242 15662 15833
2242 2485 16800 17043
2485 2605 17540 17660
2605 2716 17884 17995
2716 2884 18878 19046
2884 3106 19344 19566
3106 3156 19703 19753
3156 3255 20363 20462

>ENSPVIT00000016373
0 51 9288 9339
51 184 9655 9788
184 290 10731 10837
290 342 12416 12468
342 447 13106 13211
447 624 13479 13656
624 768 14309 14453
768 940 15042 15214
940 1027 24104 24191
1027 1195 26276 26444
1195 1303 26854 26962
1303 1474 27477 27648
1474 1726 31757 32009
1726 1849 42173 42296
1849 1960 49585 49696
1960 2131 50179 50350
2131 2386 51740 51995
2386 2506 63749 63869
2506 2617 64847 64958
2617 2785 65749 65917
2785 2995 66606 66816
2995 3042 67028 67075
3042 3135 74053 74146

>ENSPVIT00000016375
0 51 9288 9339
51 184 9655 9788
184 290 10731 10837
290 342 12416 12468
342 447 13106 13211
447 624 13479 13656
624 768 14309 14453
768 940 15042 15214
940 1027 24104 24191
1027 1195 26276 26444
1195 1303 26854 26962
1303 1474 27477 27648
1474 1726 31757 32009
1726 1849 42173 42296
1849 1960 49585 49696
1960 2215 51740 51995
2215 2335 63749 63869
2335 2446 64847 64958
2446 2614 65749 65917
2614 2824 66606 66816
2824 2871 67028 67075
2871 2964 74053 74146

>ENSPVIT00000016377
0 51 9288 9339
51 184 9655 9788
184 290 10731 10837
290 342 12416 12468
342 447 13106 13211
447 624 13479 13656
624 768 14309 14453
768 940 15042 15214
940 1027 24104 24191
1027 1195 26276 26444
1195 1303 26854 26962
1303 1474 27477 27648
1474 1726 31757 32009
1726 1849 42173 42296
1849 1960 49585 49696
1960 2131 50179 50350
2131 2251 63749 63869
2251 2362 64847 64958
2362 2530 65749 65917
2530 2740 66606 66816
2740 2787 67028 67075
2787 2880 74053 74146

>ENSACAT00000009915
0 265 7313 7578
265 339 17115 17189
339 472 20743 20876
472 578 21886 21992
578 630 23004 23056
630 735 26390 26495
735 912 26775 26952
912 1056 28672 28816
1056 1228 29404 29576
1228 1315 32858 32945
1315 1483 37467 37635
1483 1591 41191 41299
1591 1762 41710 41881
1762 2014 41975 42227
2014 2137 51600 51723
2137 2248 52430 52541
2248 2410 53111 53273
2410 2662 55079 55331
2662 2782 56829 56949
2782 2896 58767 58881
2896 3064 59814 59982
3064 3250 61018 61204
3250 3297 61703 61750
3297 3390 63248 63341

>ENSNSUT00000003511
0 314 2 316
314 420 2559 2665
420 594 12348 12522
594 738 13514 13658
738 911 14186 14359
911 1114 18939 19142
1114 1222 19464 19572
1222 1393 20470 20641
1393 1636 21911 22154
1636 1759 22848 22971
1759 1870 26366 26477
1870 2029 26891 27050
2029 2254 27927 28152
2254 2387 28945 29078
2387 2605 34104 34322
2605 2819 34939 35153
2819 2852 35373 35406
2852 2931 35478 35557

>ENSNSUT00000003513
0 314 2 316
314 420 2559 2665
420 594 12348 12522
594 738 13514 13658
738 911 14186 14359
911 1114 18939 19142
1114 1222 19464 19572
1222 1393 20470 20641
1393 1636 21911 22154
1636 1759 22848 22971
1759 1870 26366 26477
1870 2029 26891 27050
2029 2254 27927 28152
2254 2387 28945 29078
2387 2620 34104 34337
2620 2636 35390 35406
2636 2715 35478 35557

>ENSSMRT00000017137
0 268 0 268
268 374 4354 4460
374 390 5398 5414
390 549 10029 10188
549 693 14510 14654
693 865 16752 16924
865 928 19868 19931
928 1093 22926 23091
1093 1201 25069 25177
1201 1372 29978 30149
1372 1600 32657 32885
1600 1717 33257 33374
1717 1828 35288 35399
1828 2026 37643 37841
2026 2212 41913 42099
2212 2380 51114 51282
2380 2594 55218 55432
2594 2730 55628 55764

>ENSSMRT00000017138
0 268 0 268
268 374 4354 4460
374 390 5398 5414
390 549 10029 10188
549 693 14510 14654
693 865 16752 16924
865 928 19868 19931
928 1093 22926 23091
1093 1201 25069 25177
1201 1372 29978 30149
1372 1600 32657 32885
1600 1717 33257 33374
1717 1828 35288 35399
1828 2026 37643 37841
2026 2212 41913 42099
2212 2380 51114 51282
2380 2523 55621 55764

>ENSSPUT00000006993
0 261 0 261
261 397 13277 13413
397 492 13776 13871
492 675 16799 16982
675 819 17253 17397
819 991 21451 21623
991 1030 28951 28990
1030 1213 29403 29586
1213 1321 30667 30775
1321 1492 44248 44419
1492 1747 45898 46153
1747 1886 46369 46508
1886 1930 55591 55635
1930 2101 56600 56771
2101 2353 58293 58545
2353 2473 61310 61430
2473 2587 62271 62385
2587 2791 66092 66296
2791 2947 66608 66764
2947 3108 67861 68022

>ENSPCIT00000015382
0 298 4506 4804
298 357 8251 8310
357 505 8923 9071
505 588 11949 12032
588 693 16416 16521
693 876 16798 16981
876 1020 17443 17587
1020 1192 19000 19172
1192 1279 20232 20319
1279 1450 21531 21702
1450 1489 21999 22038
1489 1522 22073 22106
1522 1693 26988 27159
1693 1939 27532 27778
1939 2077 31536 31674
2077 2188 42135 42246
2188 2359 43535 43706
2359 2635 44371 44647
2635 2755 60213 60333
2755 2869 61302 61416
2869 3037 62486 62654
3037 3265 63167 63395
3265 3303 63578 63616
3303 3396 63699 63792

>ENSMEUT00000007750
0 6 0 6
6 322 8 324
322 381 1759 1818
381 529 3970 4118
529 635 6037 6143
635 699 8567 8631
699 804 9392 9497
804 987 9773 9956
987 1089 11751 11853
1089 1107 11858 11876
1107 1125 11877 11895
1125 1154 13298 13327
1154 1205 13328 13379
1205 1297 13380 13472
1297 1384 20169 20256
1384 1421 21301 21338
1421 1431 21340 21350
1431 1432 21353 21354
1432 1540 21355 21463
1540 1648 21753 21861
1648 1819 28394 28565
1819 2016 28954 29151
2016 2026 29153 29163
2026 2062 29164 29200
2062 2200 33211 33349
2200 2211 38030 38041
2211 2241 38044 38074
2241 2274 38080 38113
2274 2299 38116 38141
2299 2470 39267 39438
2470 2746 40095 40371
2746 2866 52166 52286
2866 2867 53376 53377
2867 2983 53378 53494
2983 3151 54426 54594
3151 3379 56295 56523
3379 3387 56711 56719
3387 3420 56720 56753
3420 3507 56836 56923

>ENSSHAT00000016967
0 298 17371 17669
298 357 21223 21282
357 505 21859 22007
505 611 23672 23778
611 675 26753 26817
675 780 27599 27704
780 963 27973 28156
963 1107 28615 28759
1107 1279 30513 30685
1279 1366 33356 33443
1366 1537 36479 36650
1537 1645 36777 36885
1645 1816 42382 42553
1816 2062 42962 43208
2062 2200 47912 48050
2200 2311 52988 53099
2311 2482 54280 54451
2482 2749 55135 55402
2749 2866 68097 68214
2866 2980 69351 69465
2980 3148 70481 70649
3148 3376 71112 71340
3376 3414 71527 71565
3414 3502 71648 71736
3502 3510 73501 73509

>ENSMODT00000012461
0 298 13235 13533
298 354 17706 17762
354 502 18585 18733
502 608 21323 21429
608 672 23975 24039
672 777 24826 24931
777 960 25396 25579
960 1104 26019 26163
1104 1276 27704 27876
1276 1363 28794 28881
1363 1534 30176 30347
1534 1642 30478 30586
1642 1813 37978 38149
1813 2059 38399 38645
2059 2197 42363 42501
2197 2308 45307 45418
2308 2479 46368 46539
2479 2755 47256 47532
2755 2872 55930 56047
2872 2986 57026 57140
2986 3154 58136 58304
3154 3382 58788 59016
3382 3420 59211 59249
3420 3508 59329 59417
3508 3516 61143 61151

>ENSCCNT00000024034
0 298 0 298
298 357 2282 2341
357 502 4638 4783
502 608 6179 6285
608 672 7189 7253
672 777 8241 8346
777 960 8562 8745
960 1104 9186 9330
1104 1276 9745 9917
1276 1363 10895 10982
1363 1531 14423 14591
1531 1639 15142 15250
1639 1810 16033 16204
1810 2053 17418 17661
2053 2191 18200 18338
2191 2302 20937 21048
2302 2473 21787 21958
2473 2749 23757 24033
2749 2866 25339 25456
2866 2983 26571 26688
2983 3151 30097 30265
3151 3379 31297 31525
3379 3414 32123 32158
3414 3426 32159 32171
3426 3519 32252 32345

>ENSDORT00000009986
0 301 0 301
301 360 1826 1885
360 505 5749 5894
505 611 7948 8054
611 675 8679 8743
675 780 9493 9598
780 963 9818 10001
963 1107 10584 10728
1107 1279 11571 11743
1279 1366 12780 12867
1366 1534 15944 16112
1534 1642 16239 16347
1642 1813 17181 17352
1813 2056 19148 19391
2056 2194 20157 20295
2194 2305 23292 23403
2305 2476 24192 24363
2476 2761 29081 29366
2761 2878 30116 30233
2878 2995 31153 31270
2995 3163 33405 33573
3163 3388 34807 35032
3388 3435 35842 35889
3435 3528 35973 36066

>ENSMSIT00000047193
0 304 31 335
304 363 3356 3415
363 508 6607 6752
508 614 8043 8149
614 678 10289 10353
678 783 11195 11300
783 966 11521 11704
966 1110 12128 12272
1110 1282 12738 12910
1282 1369 13861 13948
1369 1537 16725 16893
1537 1645 17003 17111
1645 1816 18030 18201
1816 2056 19443 19683
2056 2194 20010 20148
2194 2305 23436 23547
2305 2476 24121 24292
2476 2746 26302 26572
2746 2866 28154 28274
2866 2983 29551 29668
2983 3151 32160 32328
3151 3379 34021 34249
3379 3426 34671 34718
3426 3519 34797 34890

>ENSMSIT00000047194
0 304 31 335
304 363 3356 3415
363 508 6607 6752
508 614 8043 8149
614 678 10289 10353
678 783 11195 11300
783 966 11521 11704
966 1110 12128 12272
1110 1282 12738 12910
1282 1369 13861 13948
1369 1537 16725 16893
1537 1645 17003 17111
1645 1816 18030 18201
1816 2056 19443 19683
2056 2194 20010 20148
2194 2305 23436 23547
2305 2476 24121 24292
2476 2596 28154 28274
2596 2713 29551 29668
2713 2881 32160 32328
2881 3109 34021 34249
3109 3156 34671 34718
3156 3249 34797 34890

